HEADER
Name:a
Bpm:100
Level:100
Time:100
ENDHEADER
#00000 0 0 0 0 0
#00001 0 0 0 0 0
#00002 0 0 0 0 0
#00003 0 0 0 0 0
#00004 0 0 0 0 0
#00005 0 0 0 0 0
#00006 0 0 0 0 0
#00007 0 0 0 0 0
#00008 0 0 0 0 0
#00009 0 0 0 0 0
#00010 0 0 0 0 0
#00011 0 0 0 0 0
#00012 0 0 0 0 0
#00013 0 0 0 0 0
#00014 0 0 0 0 0
#00015 0 0 0 0 0
#00100 0 0 0 0 0
#00101 0 0 0 0 0
#00102 0 0 0 0 0
#00103 0 0 0 0 0
#00104 0 0 0 0 0
#00105 0 0 0 0 0
#00106 0 0 0 0 0
#00107 0 0 0 0 0
#00108 0 0 0 0 0
#00109 0 0 0 0 0
#00110 0 0 0 0 0
#00111 0 0 0 0 0
#00112 0 0 0 0 0
#00113 0 0 0 0 0
#00114 0 0 0 0 0
#00115 0 0 0 0 0
#00200 0 0 0 0 0
#00201 0 0 0 0 0
#00202 0 0 0 0 0
#00203 0 0 0 0 0
#00204 0 0 0 0 0
#00205 0 0 0 0 0
#00206 0 0 0 0 0
#00207 0 0 0 0 0
#00208 0 0 0 0 0
#00209 0 0 0 0 0
#00210 0 0 0 0 0
#00211 0 0 0 0 0
#00212 0 0 0 0 0
#00213 0 0 0 0 0
#00214 0 0 0 0 0
#00215 0 0 0 0 0
#00300 0 0 0 0 0
#00301 0 0 0 0 0
#00302 0 0 0 0 0
#00303 0 0 0 0 0
#00304 0 0 0 0 0
#00305 0 0 0 0 0
#00306 0 0 0 0 0
#00307 0 0 0 0 0
#00308 0 0 0 0 0
#00309 0 0 0 0 0
#00310 0 0 0 0 0
#00311 0 0 0 0 0
#00312 0 0 0 0 0
#00313 0 0 0 0 0
#00314 0 0 0 0 0
#00315 0 0 0 0 0
#00400 0 0 0 0 0
#00401 0 0 0 0 0
#00402 0 0 0 0 0
#00403 0 0 0 0 0
#00404 0 0 0 0 0
#00405 0 0 0 0 0
#00406 0 0 0 0 0
#00407 0 0 0 0 0
#00408 0 0 0 0 0
#00409 0 0 0 0 0
#00410 0 0 0 0 0
#00411 0 0 0 0 0
#00412 0 0 0 0 0
#00413 0 0 0 0 0
#00414 0 0 0 0 0
#00415 0 0 0 0 0
#00500 0 0 0 0 0
#00501 0 0 0 0 0
#00502 0 0 0 0 0
#00503 0 0 0 0 0
#00504 0 0 0 0 0
#00505 0 0 0 0 0
#00506 0 0 0 0 0
#00507 0 0 0 0 0
#00508 0 0 0 0 0
#00509 0 0 0 0 0
#00510 0 0 0 0 0
#00511 0 0 0 0 0
#00512 0 0 0 0 0
#00513 0 0 0 0 0
#00514 0 0 0 0 0
#00515 0 0 0 0 0
#00600 0 0 0 0 0
#00601 0 0 0 0 0
#00602 0 0 0 0 0
#00603 0 0 0 0 0
#00604 0 0 0 0 0
#00605 0 0 0 0 0
#00606 0 0 0 0 0
#00607 0 0 0 0 0
#00608 0 0 0 0 0
#00609 0 0 0 0 0
#00610 0 0 0 0 0
#00611 0 0 0 0 0
#00612 0 0 0 0 0
#00613 0 0 0 0 0
#00614 0 0 0 0 0
#00615 0 0 0 0 0
#00700 0 0 0 0 0
#00701 0 0 0 0 0
#00702 0 0 0 0 0
#00703 0 0 0 0 0
#00704 0 0 0 0 0
#00705 0 0 0 0 0
#00706 0 0 0 0 0
#00707 0 0 0 0 0
#00708 0 0 0 0 0
#00709 0 0 0 0 0
#00710 0 0 0 0 0
#00711 0 0 0 0 0
#00712 0 0 0 0 0
#00713 0 0 0 0 0
#00714 0 0 0 0 0
#00715 0 0 0 0 0
#00800 0 0 0 0 0
#00801 0 0 0 0 0
#00802 0 0 0 0 0
#00803 0 0 0 0 0
#00804 0 0 0 0 0
#00805 0 0 0 0 0
#00806 0 0 0 0 0
#00807 0 0 0 0 0
#00808 0 0 0 0 0
#00809 0 0 0 0 0
#00810 0 0 0 0 0
#00811 0 0 0 0 0
#00812 0 0 0 0 0
#00813 0 0 0 0 0
#00814 0 0 0 0 0
#00815 0 0 0 0 0
#00900 0 0 0 0 0
#00901 0 0 0 0 0
#00902 0 0 0 0 0
#00903 0 0 0 0 0
#00904 0 0 0 0 0
#00905 0 0 0 0 0
#00906 0 0 0 0 0
#00907 0 0 0 0 0
#00908 0 0 0 0 0
#00909 0 0 0 0 0
#00910 0 0 0 0 0
#00911 0 0 0 0 0
#00912 0 0 0 0 0
#00913 0 0 0 0 0
#00914 0 0 0 0 0
#00915 0 0 0 0 0
#01000 0 0 0 0 0
#01001 0 0 0 0 0
#01002 0 0 0 0 0
#01003 0 0 0 0 0
#01004 0 0 0 0 0
#01005 0 0 0 0 0
#01006 0 0 0 0 0
#01007 0 0 0 0 0
#01008 0 0 0 0 0
#01009 0 0 0 0 0
#01010 0 0 0 0 0
#01011 0 0 0 0 0
#01012 0 0 0 0 0
#01013 0 0 0 0 0
#01014 0 0 0 0 0
#01015 0 0 0 0 0
#01100 0 0 0 0 0
#01101 0 0 0 0 0
#01102 0 0 0 0 0
#01103 0 0 0 0 0
#01104 0 0 0 0 0
#01105 0 0 0 0 0
#01106 0 0 0 0 0
#01107 0 0 0 0 0
#01108 0 0 0 0 0
#01109 0 0 0 0 0
#01110 0 0 0 0 0
#01111 0 0 0 0 0
#01112 0 0 0 0 0
#01113 0 0 0 0 0
#01114 0 0 0 0 0
#01115 0 0 0 0 0
#01200 0 0 0 0 0
#01201 0 0 0 0 0
#01202 0 0 0 0 0
#01203 0 0 0 0 0
#01204 0 0 0 0 0
#01205 0 0 0 0 0
#01206 0 0 0 0 0
#01207 0 0 0 0 0
#01208 0 0 0 0 0
#01209 0 0 0 0 0
#01210 0 0 0 0 0
#01211 0 0 0 0 0
#01212 0 0 0 0 0
#01213 0 0 0 0 0
#01214 0 0 0 0 0
#01215 0 0 0 0 0
#01300 0 0 0 0 0
#01301 0 0 0 0 0
#01302 0 0 0 0 0
#01303 0 0 0 0 0
#01304 0 0 0 0 0
#01305 0 0 0 0 0
#01306 0 0 0 0 0
#01307 0 0 0 0 0
#01308 0 0 0 0 0
#01309 0 0 0 0 0
#01310 0 0 0 0 0
#01311 0 0 0 0 0
#01312 0 0 0 0 0
#01313 0 0 0 0 0
#01314 0 0 0 0 0
#01315 0 0 0 0 0
#01400 0 0 0 0 0
#01401 0 0 0 0 0
#01402 0 0 0 0 0
#01403 0 0 0 0 0
#01404 0 0 0 0 0
#01405 0 0 0 0 0
#01406 0 0 0 0 0
#01407 0 0 0 0 0
#01408 0 0 0 0 0
#01409 0 0 0 0 0
#01410 0 0 0 0 0
#01411 0 0 0 0 0
#01412 0 0 0 0 0
#01413 0 0 0 0 0
#01414 0 0 0 0 0
#01415 0 0 0 0 0
#01500 0 0 0 0 0
#01501 0 0 0 0 0
#01502 0 0 0 0 0
#01503 0 0 0 0 0
#01504 0 0 0 0 0
#01505 0 0 0 0 0
#01506 0 0 0 0 0
#01507 0 0 0 0 0
#01508 0 0 0 0 0
#01509 0 0 0 0 0
#01510 0 0 0 0 0
#01511 0 0 0 0 0
#01512 0 0 0 0 0
#01513 0 0 0 0 0
#01514 0 0 0 0 0
#01515 0 0 0 0 0
#01600 0 0 0 0 0
#01601 0 0 0 0 0
#01602 0 0 0 0 0
#01603 0 0 0 0 0
#01604 0 0 0 0 0
#01605 0 0 0 0 0
#01606 0 0 0 0 0
#01607 0 0 0 0 0
#01608 0 0 0 0 0
#01609 0 0 0 0 0
#01610 0 0 0 0 0
#01611 0 0 0 0 0
#01612 0 0 0 0 0
#01613 0 0 0 0 0
#01614 0 0 0 0 0
#01615 0 0 0 0 0
#01700 0 0 0 0 0
#01701 0 0 0 0 0
#01702 0 0 0 0 0
#01703 0 0 0 0 0
#01704 0 0 0 0 0
#01705 0 0 0 0 0
#01706 0 0 0 0 0
#01707 0 0 0 0 0
#01708 0 0 0 0 0
#01709 0 0 0 0 0
#01710 0 0 0 0 0
#01711 0 0 0 0 0
#01712 0 0 0 0 0
#01713 0 0 0 0 0
#01714 0 0 0 0 0
#01715 0 0 0 0 0
#01800 0 0 0 0 0
#01801 0 0 0 0 0
#01802 0 0 0 0 0
#01803 0 0 0 0 0
#01804 0 0 0 0 0
#01805 0 0 0 0 0
#01806 0 0 0 0 0
#01807 0 0 0 0 0
#01808 0 0 0 0 0
#01809 0 0 0 0 0
#01810 0 0 0 0 0
#01811 0 0 0 0 0
#01812 0 0 0 0 0
#01813 0 0 0 0 0
#01814 0 0 0 0 0
#01815 0 0 0 0 0
#01900 0 0 0 0 0
#01901 0 0 0 0 0
#01902 0 0 0 0 0
#01903 0 0 0 0 0
#01904 0 0 0 0 0
#01905 0 0 0 0 0
#01906 0 0 0 0 0
#01907 0 0 0 0 0
#01908 0 0 0 0 0
#01909 0 0 0 0 0
#01910 0 0 0 0 0
#01911 0 0 0 0 0
#01912 0 0 0 0 0
#01913 0 0 0 0 0
#01914 0 0 0 0 0
#01915 0 0 0 0 0
#02000 0 0 0 0 0
#02001 0 0 0 0 0
#02002 0 0 0 0 0
#02003 0 0 0 0 0
#02004 0 0 0 0 0
#02005 0 0 0 0 0
#02006 0 0 0 0 0
#02007 0 0 0 0 0
#02008 0 0 0 0 0
#02009 0 0 0 0 0
#02010 0 0 0 0 0
#02011 0 0 0 0 0
#02012 0 0 0 0 0
#02013 0 0 0 0 0
#02014 0 0 0 0 0
#02015 0 0 0 0 0
#02100 0 0 0 0 0
#02101 0 0 0 0 0
#02102 0 0 0 0 0
#02103 0 0 0 0 0
#02104 0 0 0 0 0
#02105 0 0 0 0 0
#02106 0 0 0 0 0
#02107 0 0 0 0 0
#02108 0 0 0 0 0
#02109 0 0 0 0 0
#02110 0 0 0 0 0
#02111 0 0 0 0 0
#02112 0 0 0 0 0
#02113 0 0 0 0 0
#02114 0 0 0 0 0
#02115 0 0 0 0 0
#02200 0 0 0 0 0
#02201 0 0 0 0 0
#02202 0 0 0 0 0
#02203 0 0 0 0 0
#02204 0 0 0 0 0
#02205 0 0 0 0 0
#02206 0 0 0 0 0
#02207 0 0 0 0 0
#02208 0 0 0 0 0
#02209 0 0 0 0 0
#02210 0 0 0 0 0
#02211 0 0 0 0 0
#02212 0 0 0 0 0
#02213 0 0 0 0 0
#02214 0 0 0 0 0
#02215 0 0 0 0 0
#02300 0 0 0 0 0
#02301 0 0 0 0 0
#02302 0 0 0 0 0
#02303 0 0 0 0 0
#02304 0 0 0 0 0
#02305 0 0 0 0 0
#02306 0 0 0 0 0
#02307 0 0 0 0 0
#02308 0 0 0 0 0
#02309 0 0 0 0 0
#02310 0 0 0 0 0
#02311 0 0 0 0 0
#02312 0 0 0 0 0
#02313 0 0 0 0 0
#02314 0 0 0 0 0
#02315 0 0 0 0 0
#02400 0 0 0 0 0
#02401 0 0 0 0 0
#02402 0 0 0 0 0
#02403 0 0 0 0 0
#02404 0 0 0 0 0
#02405 0 0 0 0 0
#02406 0 0 0 0 0
#02407 0 0 0 0 0
#02408 0 0 0 0 0
#02409 0 0 0 0 0
#02410 0 0 0 0 0
#02411 0 0 0 0 0
#02412 0 0 0 0 0
#02413 0 0 0 0 0
#02414 0 0 0 0 0
#02415 0 0 0 0 0
#02500 0 0 0 0 0
#02501 0 0 0 0 0
#02502 0 0 0 0 0
#02503 0 0 0 0 0
#02504 0 0 0 0 0
#02505 0 0 0 0 0
#02506 0 0 0 0 0
#02507 0 0 0 0 0
#02508 0 0 0 0 0
#02509 0 0 0 0 0
#02510 0 0 0 0 0
#02511 0 0 0 0 0
#02512 0 0 0 0 0
#02513 0 0 0 0 0
#02514 0 0 0 0 0
#02515 0 0 0 0 0
#02600 0 0 0 0 0
#02601 0 0 0 0 0
#02602 0 0 0 0 0
#02603 0 0 0 0 0
#02604 0 0 0 0 0
#02605 0 0 0 0 0
#02606 0 0 0 0 0
#02607 0 0 0 0 0
#02608 0 0 0 0 0
#02609 0 0 0 0 0
#02610 0 0 0 0 0
#02611 0 0 0 0 0
#02612 0 0 0 0 0
#02613 0 0 0 0 0
#02614 0 0 0 0 0
#02615 0 0 0 0 0
#02700 0 0 0 0 0
#02701 0 0 0 0 0
#02702 0 0 0 0 0
#02703 0 0 0 0 0
#02704 0 0 0 0 0
#02705 0 0 0 0 0
#02706 0 0 0 0 0
#02707 0 0 0 0 0
#02708 0 0 0 0 0
#02709 0 0 0 0 0
#02710 0 0 0 0 0
#02711 0 0 0 0 0
#02712 0 0 0 0 0
#02713 0 0 0 0 0
#02714 0 0 0 0 0
#02715 0 0 0 0 0
#02800 0 0 0 0 0
#02801 0 0 0 0 0
#02802 0 0 0 0 0
#02803 0 0 0 0 0
#02804 0 0 0 0 0
#02805 0 0 0 0 0
#02806 0 0 0 0 0
#02807 0 0 0 0 0
#02808 0 0 0 0 0
#02809 0 0 0 0 0
#02810 0 0 0 0 0
#02811 0 0 0 0 0
#02812 0 0 0 0 0
#02813 0 0 0 0 0
#02814 0 0 0 0 0
#02815 0 0 0 0 0
#02900 0 0 0 0 0
#02901 0 0 0 0 0
#02902 0 0 0 0 0
#02903 0 0 0 0 0
#02904 0 0 0 0 0
#02905 0 0 0 0 0
#02906 0 0 0 0 0
#02907 0 0 0 0 0
#02908 0 0 0 0 0
#02909 0 0 0 0 0
#02910 0 0 0 0 0
#02911 0 0 0 0 0
#02912 0 0 0 0 0
#02913 0 0 0 0 0
#02914 0 0 0 0 0
#02915 0 0 0 0 0
#03000 0 0 0 0 0
#03001 0 0 0 0 0
#03002 0 0 0 0 0
#03003 0 0 0 0 0
#03004 0 0 0 0 0
#03005 0 0 0 0 0
#03006 0 0 0 0 0
#03007 0 0 0 0 0
#03008 0 0 0 0 0
#03009 0 0 0 0 0
#03010 0 0 0 0 0
#03011 0 0 0 0 0
#03012 0 0 0 0 0
#03013 0 0 0 0 0
#03014 0 0 0 0 0
#03015 0 0 0 0 0
#03100 0 0 0 0 0
#03101 0 0 0 0 0
#03102 0 0 0 0 0
#03103 0 0 0 0 0
#03104 0 0 0 0 0
#03105 0 0 0 0 0
#03106 0 0 0 0 0
#03107 0 0 0 0 0
#03108 0 0 0 0 0
#03109 0 0 0 0 0
#03110 0 0 0 0 0
#03111 0 0 0 0 0
#03112 0 0 0 0 0
#03113 0 0 0 0 0
#03114 0 0 0 0 0
#03115 0 0 0 0 0
#03200 0 0 0 0 0
#03201 0 0 0 0 0
#03202 0 0 0 0 0
#03203 0 0 0 0 0
#03204 0 0 0 0 0
#03205 0 0 0 0 0
#03206 0 0 0 0 0
#03207 0 0 0 0 0
#03208 0 0 0 0 0
#03209 0 0 0 0 0
#03210 0 0 0 0 0
#03211 0 0 0 0 0
#03212 0 0 0 0 0
#03213 0 0 0 0 0
#03214 0 0 0 0 0
#03215 0 0 0 0 0
#03300 0 0 0 0 0
#03301 0 0 0 0 0
#03302 0 0 0 0 0
#03303 0 0 0 0 0
#03304 0 0 0 0 0
#03305 0 0 0 0 0
#03306 0 0 0 0 0
#03307 0 0 0 0 0
#03308 0 0 0 0 0
#03309 0 0 0 0 0
#03310 0 0 0 0 0
#03311 0 0 0 0 0
#03312 0 0 0 0 0
#03313 0 0 0 0 0
#03314 0 0 0 0 0
#03315 0 0 0 0 0
#03400 0 0 0 0 0
#03401 0 0 0 0 0
#03402 0 0 0 0 0
#03403 0 0 0 0 0
#03404 0 0 0 0 0
#03405 0 0 0 0 0
#03406 0 0 0 0 0
#03407 0 0 0 0 0
#03408 0 0 0 0 0
#03409 0 0 0 0 0
#03410 0 0 0 0 0
#03411 0 0 0 0 0
#03412 0 0 0 0 0
#03413 0 0 0 0 0
#03414 0 0 0 0 0
#03415 0 0 0 0 0
#03500 0 0 0 0 0
#03501 0 0 0 0 0
#03502 0 0 0 0 0
#03503 0 0 0 0 0
#03504 0 0 0 0 0
#03505 0 0 0 0 0
#03506 0 0 0 0 0
#03507 0 0 0 0 0
#03508 0 0 0 0 0
#03509 0 0 0 0 0
#03510 0 0 0 0 0
#03511 0 0 0 0 0
#03512 0 0 0 0 0
#03513 0 0 0 0 0
#03514 0 0 0 0 0
#03515 0 0 0 0 0
#03600 0 0 0 0 0
#03601 0 0 0 0 0
#03602 0 0 0 0 0
#03603 0 0 0 0 0
#03604 0 0 0 0 0
#03605 0 0 0 0 0
#03606 0 0 0 0 0
#03607 0 0 0 0 0
#03608 0 0 0 0 0
#03609 0 0 0 0 0
#03610 0 0 0 0 0
#03611 0 0 0 0 0
#03612 0 0 0 0 0
#03613 0 0 0 0 0
#03614 0 0 0 0 0
#03615 0 0 0 0 0
#03700 0 0 0 0 0
#03701 0 0 0 0 0
#03702 0 0 0 0 0
#03703 0 0 0 0 0
#03704 0 0 0 0 0
#03705 0 0 0 0 0
#03706 0 0 0 0 0
#03707 0 0 0 0 0
#03708 0 0 0 0 0
#03709 0 0 0 0 0
#03710 0 0 0 0 0
#03711 0 0 0 0 0
#03712 0 0 0 0 0
#03713 0 0 0 0 0
#03714 0 0 0 0 0
#03715 0 0 0 0 0
#03800 0 0 0 0 0
#03801 0 0 0 0 0
#03802 0 0 0 0 0
#03803 0 0 0 0 0
#03804 0 0 0 0 0
#03805 0 0 0 0 0
#03806 0 0 0 0 0
#03807 0 0 0 0 0
#03808 0 0 0 0 0
#03809 0 0 0 0 0
#03810 0 0 0 0 0
#03811 0 0 0 0 0
#03812 0 0 0 0 0
#03813 0 0 0 0 0
#03814 0 0 0 0 0
#03815 0 0 0 0 0
#03900 0 0 0 0 0
#03901 0 0 0 0 0
#03902 0 0 0 0 0
#03903 0 0 0 0 0
#03904 0 0 0 0 0
#03905 0 0 0 0 0
#03906 0 0 0 0 0
#03907 0 0 0 0 0
#03908 0 0 0 0 0
#03909 0 0 0 0 0
#03910 0 0 0 0 0
#03911 0 0 0 0 0
#03912 0 0 0 0 0
#03913 0 0 0 0 0
#03914 0 0 0 0 0
#03915 0 0 0 0 0
#04000 0 0 0 0 0
#04001 0 0 0 0 0
#04002 0 0 0 0 0
#04003 0 0 0 0 0
#04004 0 0 0 0 0
#04005 0 0 0 0 0
#04006 0 0 0 0 0
#04007 0 0 0 0 0
#04008 0 0 0 0 0
#04009 0 0 0 0 0
#04010 0 0 0 0 0
#04011 0 0 0 0 0
#04012 0 0 0 0 0
#04013 0 0 0 0 0
#04014 0 0 0 0 0
#04015 0 0 0 0 0
#04100 0 0 0 0 0
#04101 0 0 0 0 0
#04102 0 0 0 0 0
#04103 0 0 0 0 0
#04104 0 0 0 0 0
#04105 0 0 0 0 0
#04106 0 0 0 0 0
#04107 0 0 0 0 0
#04108 0 0 0 0 0
#04109 0 0 0 0 0
#04110 0 0 0 0 0
#04111 0 0 0 0 0
#04112 0 0 0 0 0
#04113 0 0 0 0 0
#04114 0 0 0 0 0
#04115 0 0 0 0 0
#04200 0 0 0 0 0
#04201 0 0 0 0 0
#04202 0 0 0 0 0
#04203 0 0 0 0 0
#04204 0 0 0 0 0
#04205 0 0 0 0 0
#04206 0 0 0 0 0
#04207 0 0 0 0 0
#04208 0 0 0 0 0
#04209 0 0 0 0 0
#04210 0 0 0 0 0
#04211 0 0 0 0 0
#04212 0 0 0 0 0
#04213 0 0 0 0 0
#04214 0 0 0 0 0
#04215 0 0 0 0 0
#04300 0 0 0 0 0
#04301 0 0 0 0 0
#04302 0 0 0 0 0
#04303 0 0 0 0 0
#04304 0 0 0 0 0
#04305 0 0 0 0 0
#04306 0 0 0 0 0
#04307 0 0 0 0 0
#04308 0 0 0 0 0
#04309 0 0 0 0 0
#04310 0 0 0 0 0
#04311 0 0 0 0 0
#04312 0 0 0 0 0
#04313 0 0 0 0 0
#04314 0 0 0 0 0
#04315 0 0 0 0 0
#04400 0 0 0 0 0
#04401 0 0 0 0 0
#04402 0 0 0 0 0
#04403 0 0 0 0 0
#04404 0 0 0 0 0
#04405 0 0 0 0 0
#04406 0 0 0 0 0
#04407 0 0 0 0 0
#04408 0 0 0 0 0
#04409 0 0 0 0 0
#04410 0 0 0 0 0
#04411 0 0 0 0 0
#04412 0 0 0 0 0
#04413 0 0 0 0 0
#04414 0 0 0 0 0
#04415 0 0 0 0 0
#04500 0 0 0 0 0
#04501 0 0 0 0 0
#04502 0 0 0 0 0
#04503 0 0 0 0 0
#04504 0 0 0 0 0
#04505 0 0 0 0 0
#04506 0 0 0 0 0
#04507 0 0 0 0 0
#04508 0 0 0 0 0
#04509 0 0 0 0 0
#04510 0 0 0 0 0
#04511 0 0 0 0 0
#04512 0 0 0 0 0
#04513 0 0 0 0 0
#04514 0 0 0 0 0
#04515 0 0 0 0 0
#04600 0 0 0 0 0
#04601 0 0 0 0 0
#04602 0 0 0 0 0
#04603 0 0 0 0 0
#04604 0 0 0 0 0
#04605 0 0 0 0 0
#04606 0 0 0 0 0
#04607 0 0 0 0 0
#04608 0 0 0 0 0
#04609 0 0 0 0 0
#04610 0 0 0 0 0
#04611 0 0 0 0 0
#04612 0 0 0 0 0
#04613 0 0 0 0 0
#04614 0 0 0 0 0
#04615 0 0 0 0 0
#04700 0 0 0 0 0
#04701 0 0 0 0 0
#04702 0 0 0 0 0
#04703 0 0 0 0 0
#04704 0 0 0 0 0
#04705 0 0 0 0 0
#04706 0 0 0 0 0
#04707 0 0 0 0 0
#04708 0 0 0 0 0
#04709 0 0 0 0 0
#04710 0 0 0 0 0
#04711 0 0 0 0 0
#04712 0 0 0 0 0
#04713 0 0 0 0 0
#04714 0 0 0 0 0
#04715 0 0 0 0 0
#04800 0 0 0 0 0
#04801 0 0 0 0 0
#04802 0 0 0 0 0
#04803 0 0 0 0 0
#04804 0 0 0 0 0
#04805 0 0 0 0 0
#04806 0 0 0 0 0
#04807 0 0 0 0 0
#04808 0 0 0 0 0
#04809 0 0 0 0 0
#04810 0 0 0 0 0
#04811 0 0 0 0 0
#04812 0 0 0 0 0
#04813 0 0 0 0 0
#04814 0 0 0 0 0
#04815 0 0 0 0 0
#04900 0 0 0 0 0
#04901 0 0 0 0 0
#04902 0 0 0 0 0
#04903 0 0 0 0 0
#04904 0 0 0 0 0
#04905 0 0 0 0 0
#04906 0 0 0 0 0
#04907 0 0 0 0 0
#04908 0 0 0 0 0
#04909 0 0 0 0 0
#04910 0 0 0 0 0
#04911 0 0 0 0 0
#04912 0 0 0 0 0
#04913 0 0 0 0 0
#04914 0 0 0 0 0
#04915 0 0 0 0 0
#05000 0 0 0 0 0
#05001 0 0 0 0 0
#05002 0 0 0 0 0
#05003 0 0 0 0 0
#05004 0 0 0 0 0
#05005 0 0 0 0 0
#05006 0 0 0 0 0
#05007 0 0 0 0 0
#05008 0 0 0 0 0
#05009 0 0 0 0 0
#05010 0 0 0 0 0
#05011 0 0 0 0 0
#05012 0 0 0 0 0
#05013 0 0 0 0 0
#05014 0 0 0 0 0
#05015 0 0 0 0 0
#05100 0 0 0 0 0
#05101 0 0 0 0 0
#05102 0 0 0 0 0
#05103 0 0 0 0 0
#05104 0 0 0 0 0
#05105 0 0 0 0 0
#05106 0 0 0 0 0
#05107 0 0 0 0 0
#05108 0 0 0 0 0
#05109 0 0 0 0 0
#05110 0 0 0 0 0
#05111 0 0 0 0 0
#05112 0 0 0 0 0
#05113 0 0 0 0 0
#05114 0 0 0 0 0
#05115 0 0 0 0 0
#05200 0 0 0 0 0
#05201 0 0 0 0 0
#05202 0 0 0 0 0
#05203 0 0 0 0 0
#05204 0 0 0 0 0
#05205 0 0 0 0 0
#05206 0 0 0 0 0
#05207 0 0 0 0 0
#05208 0 0 0 0 0
#05209 0 0 0 0 0
#05210 0 0 0 0 0
#05211 0 0 0 0 0
#05212 0 0 0 0 0
#05213 0 0 0 0 0
#05214 0 0 0 0 0
#05215 0 0 0 0 0
#05300 0 0 0 0 0
#05301 0 0 0 0 0
#05302 0 0 0 0 0
#05303 0 0 0 0 0
#05304 0 0 0 0 0
#05305 0 0 0 0 0
#05306 0 0 0 0 0
#05307 0 0 0 0 0
#05308 0 0 0 0 0
#05309 0 0 0 0 0
#05310 0 0 0 0 0
#05311 0 0 0 0 0
#05312 0 0 0 0 0
#05313 0 0 0 0 0
#05314 0 0 0 0 0
#05315 0 0 0 0 0
#05400 0 0 0 0 0
#05401 0 0 0 0 0
#05402 0 0 0 0 0
#05403 0 0 0 0 0
#05404 0 0 0 0 0
#05405 0 0 0 0 0
#05406 0 0 0 0 0
#05407 0 0 0 0 0
#05408 0 0 0 0 0
#05409 0 0 0 0 0
#05410 0 0 0 0 0
#05411 0 0 0 0 0
#05412 0 0 0 0 0
#05413 0 0 0 0 0
#05414 0 0 0 0 0
#05415 0 0 0 0 0
#05500 0 0 0 0 0
#05501 0 0 0 0 0
#05502 0 0 0 0 0
#05503 0 0 0 0 0
#05504 0 0 0 0 0
#05505 0 0 0 0 0
#05506 0 0 0 0 0
#05507 0 0 0 0 0
#05508 0 0 0 0 0
#05509 0 0 0 0 0
#05510 0 0 0 0 0
#05511 0 0 0 0 0
#05512 0 0 0 0 0
#05513 0 0 0 0 0
#05514 0 0 0 0 0
#05515 0 0 0 0 0
#05600 0 0 0 0 0
#05601 0 0 0 0 0
#05602 0 0 0 0 0
#05603 0 0 0 0 0
#05604 0 0 0 0 0
#05605 0 0 0 0 0
#05606 0 0 0 0 0
#05607 0 0 0 0 0
#05608 0 0 0 0 0
#05609 0 0 0 0 0
#05610 0 0 0 0 0
#05611 0 0 0 0 0
#05612 0 0 0 0 0
#05613 0 0 0 0 0
#05614 0 0 0 0 0
#05615 0 0 0 0 0
#05700 0 0 0 0 0
#05701 0 0 0 0 0
#05702 0 0 0 0 0
#05703 0 0 0 0 0
#05704 0 0 0 0 0
#05705 0 0 0 0 0
#05706 0 0 0 0 0
#05707 0 0 0 0 0
#05708 0 0 0 0 0
#05709 0 0 0 0 0
#05710 0 0 0 0 0
#05711 0 0 0 0 0
#05712 0 0 0 0 0
#05713 0 0 0 0 0
#05714 0 0 0 0 0
#05715 0 0 0 0 0
#05800 0 0 0 0 0
#05801 0 0 0 0 0
#05802 0 0 0 0 0
#05803 0 0 0 0 0
#05804 0 0 0 0 0
#05805 0 0 0 0 0
#05806 0 0 0 0 0
#05807 0 0 0 0 0
#05808 0 0 0 0 0
#05809 0 0 0 0 0
#05810 0 0 0 0 0
#05811 0 0 0 0 0
#05812 0 0 0 0 0
#05813 0 0 0 0 0
#05814 0 0 0 0 0
#05815 0 0 0 0 0
#05900 0 0 0 0 0
#05901 0 0 0 0 0
#05902 0 0 0 0 0
#05903 0 0 0 0 0
#05904 0 0 0 0 0
#05905 0 0 0 0 0
#05906 0 0 0 0 0
#05907 0 0 0 0 0
#05908 0 0 0 0 0
#05909 0 0 0 0 0
#05910 0 0 0 0 0
#05911 0 0 0 0 0
#05912 0 0 0 0 0
#05913 0 0 0 0 0
#05914 0 0 0 0 0
#05915 0 0 0 0 0
#06000 0 0 0 0 0
#06001 0 0 0 0 0
#06002 0 0 0 0 0
#06003 0 0 0 0 0
#06004 0 0 0 0 0
#06005 0 0 0 0 0
#06006 0 0 0 0 0
#06007 0 0 0 0 0
#06008 0 0 0 0 0
#06009 0 0 0 0 0
#06010 0 0 0 0 0
#06011 0 0 0 0 0
#06012 0 0 0 0 0
#06013 0 0 0 0 0
#06014 0 0 0 0 0
#06015 0 0 0 0 0
#06100 0 0 0 0 0
#06101 0 0 0 0 0
#06102 0 0 0 0 0
#06103 0 0 0 0 0
#06104 0 0 0 0 0
#06105 0 0 0 0 0
#06106 0 0 0 0 0
#06107 0 0 0 0 0
#06108 0 0 0 0 0
#06109 0 0 0 0 0
#06110 0 0 0 0 0
#06111 0 0 0 0 0
#06112 0 0 0 0 0
#06113 0 0 0 0 0
#06114 0 0 0 0 0
#06115 0 0 0 0 0
#06200 0 0 0 0 0
#06201 0 0 0 0 0
#06202 0 0 0 0 0
#06203 0 0 0 0 0
#06204 0 0 0 0 0
#06205 0 0 0 0 0
#06206 0 0 0 0 0
#06207 0 0 0 0 0
#06208 0 0 0 0 0
#06209 0 0 0 0 0
#06210 0 0 0 0 0
#06211 0 0 0 0 0
#06212 0 0 0 0 0
#06213 0 0 0 0 0
#06214 0 0 0 0 0
#06215 0 0 0 0 0
#06300 0 0 0 0 0
#06301 0 0 0 0 0
#06302 0 0 0 0 0
#06303 0 0 0 0 0
#06304 0 0 0 0 0
#06305 0 0 0 0 0
#06306 0 0 0 0 0
#06307 0 0 0 0 0
#06308 0 0 0 0 0
#06309 0 0 0 0 0
#06310 0 0 0 0 0
#06311 0 0 0 0 0
#06312 0 0 0 0 0
#06313 0 0 0 0 0
#06314 0 0 0 0 0
#06315 0 0 0 0 0
#06400 0 0 0 0 0
#06401 0 0 0 0 0
#06402 0 0 0 0 0
#06403 0 0 0 0 0
#06404 0 0 0 0 0
#06405 0 0 0 0 0
#06406 0 0 0 0 0
#06407 0 0 0 0 0
#06408 0 0 0 0 0
#06409 0 0 0 0 0
#06410 0 0 0 0 0
#06411 0 0 0 0 0
#06412 0 0 0 0 0
#06413 0 0 0 0 0
#06414 0 0 0 0 0
#06415 0 0 0 0 0
#06500 0 0 0 0 0
#06501 0 0 0 0 0
#06502 0 0 0 0 0
#06503 0 0 0 0 0
#06504 0 0 0 0 0
#06505 0 0 0 0 0
#06506 0 0 0 0 0
#06507 0 0 0 0 0
#06508 0 0 0 0 0
#06509 0 0 0 0 0
#06510 0 0 0 0 0
#06511 0 0 0 0 0
#06512 0 0 0 0 0
#06513 0 0 0 0 0
#06514 0 0 0 0 0
#06515 0 0 0 0 0
#06600 0 0 0 0 0
#06601 0 0 0 0 0
#06602 0 0 0 0 0
#06603 0 0 0 0 0
#06604 0 0 0 0 0
#06605 0 0 0 0 0
#06606 0 0 0 0 0
#06607 0 0 0 0 0
#06608 0 0 0 0 0
#06609 0 0 0 0 0
#06610 0 0 0 0 0
#06611 0 0 0 0 0
#06612 0 0 0 0 0
#06613 0 0 0 0 0
#06614 0 0 0 0 0
#06615 0 0 0 0 0
#06700 0 0 0 0 0
#06701 0 0 0 0 0
#06702 0 0 0 0 0
#06703 0 0 0 0 0
#06704 0 0 0 0 0
#06705 0 0 0 0 0
#06706 0 0 0 0 0
#06707 0 0 0 0 0
#06708 0 0 0 0 0
#06709 0 0 0 0 0
#06710 0 0 0 0 0
#06711 0 0 0 0 0
#06712 0 0 0 0 0
#06713 0 0 0 0 0
#06714 0 0 0 0 0
#06715 0 0 0 0 0
#06800 0 0 0 0 0
#06801 0 0 0 0 0
#06802 0 0 0 0 0
#06803 0 0 0 0 0
#06804 0 0 0 0 0
#06805 0 0 0 0 0
#06806 0 0 0 0 0
#06807 0 0 0 0 0
#06808 0 0 0 0 0
#06809 0 0 0 0 0
#06810 0 0 0 0 0
#06811 0 0 0 0 0
#06812 0 0 0 0 0
#06813 0 0 0 0 0
#06814 0 0 0 0 0
#06815 0 0 0 0 0
#06900 0 0 0 0 0
#06901 0 0 0 0 0
#06902 0 0 0 0 0
#06903 0 0 0 0 0
#06904 0 0 0 0 0
#06905 0 0 0 0 0
#06906 0 0 0 0 0
#06907 0 0 0 0 0
#06908 0 0 0 0 0
#06909 0 0 0 0 0
#06910 0 0 0 0 0
#06911 0 0 0 0 0
#06912 0 0 0 0 0
#06913 0 0 0 0 0
#06914 0 0 0 0 0
#06915 0 0 0 0 0
#07000 0 0 0 0 0
#07001 0 0 0 0 0
#07002 0 0 0 0 0
#07003 0 0 0 0 0
#07004 0 0 0 0 0
#07005 0 0 0 0 0
#07006 0 0 0 0 0
#07007 0 0 0 0 0
#07008 0 0 0 0 0
#07009 0 0 0 0 0
#07010 0 0 0 0 0
#07011 0 0 0 0 0
#07012 0 0 0 0 0
#07013 0 0 0 0 0
#07014 0 0 0 0 0
#07015 0 0 0 0 0
#07100 0 0 0 0 0
#07101 0 0 0 0 0
#07102 0 0 0 0 0
#07103 0 0 0 0 0
#07104 0 0 0 0 0
#07105 0 0 0 0 0
#07106 0 0 0 0 0
#07107 0 0 0 0 0
#07108 0 0 0 0 0
#07109 0 0 0 0 0
#07110 0 0 0 0 0
#07111 0 0 0 0 0
#07112 0 0 0 0 0
#07113 0 0 0 0 0
#07114 0 0 0 0 0
#07115 0 0 0 0 0
#07200 0 0 0 0 0
#07201 0 0 0 0 0
#07202 0 0 0 0 0
#07203 0 0 0 0 0
#07204 0 0 0 0 0
#07205 0 0 0 0 0
#07206 0 0 0 0 0
#07207 0 0 0 0 0
#07208 0 0 0 0 0
#07209 0 0 0 0 0
#07210 0 0 0 0 0
#07211 0 0 0 0 0
#07212 0 0 0 0 0
#07213 0 0 0 0 0
#07214 0 0 0 0 0
#07215 0 0 0 0 0
#07300 0 0 0 0 0
#07301 0 0 0 0 0
#07302 0 0 0 0 0
#07303 0 0 0 0 0
#07304 0 0 0 0 0
#07305 0 0 0 0 0
#07306 0 0 0 0 0
#07307 0 0 0 0 0
#07308 0 0 0 0 0
#07309 0 0 0 0 0
#07310 0 0 0 0 0
#07311 0 0 0 0 0
#07312 0 0 0 0 0
#07313 0 0 0 0 0
#07314 0 0 0 0 0
#07315 0 0 0 0 0
#07400 0 0 0 0 0
#07401 0 0 0 0 0
#07402 0 0 0 0 0
#07403 0 0 0 0 0
#07404 0 0 0 0 0
#07405 0 0 0 0 0
#07406 0 0 0 0 0
#07407 0 0 0 0 0
#07408 0 0 0 0 0
#07409 0 0 0 0 0
#07410 0 0 0 0 0
#07411 0 0 0 0 0
#07412 0 0 0 0 0
#07413 0 0 0 0 0
#07414 0 0 0 0 0
#07415 0 0 0 0 0
#07500 0 0 0 0 0
#07501 0 0 0 0 0
#07502 0 0 0 0 0
#07503 0 0 0 0 0
#07504 0 0 0 0 0
#07505 0 0 0 0 0
#07506 0 0 0 0 0
#07507 0 0 0 0 0
#07508 0 0 0 0 0
#07509 0 0 0 0 0
#07510 0 0 0 0 0
#07511 0 0 0 0 0
#07512 0 0 0 0 0
#07513 0 0 0 0 0
#07514 0 0 0 0 0
#07515 0 0 0 0 0
#07600 0 0 0 0 0
#07601 0 0 0 0 0
#07602 0 0 0 0 0
#07603 0 0 0 0 0
#07604 0 0 0 0 0
#07605 0 0 0 0 0
#07606 0 0 0 0 0
#07607 0 0 0 0 0
#07608 0 0 0 0 0
#07609 0 0 0 0 0
#07610 0 0 0 0 0
#07611 0 0 0 0 0
#07612 0 0 0 0 0
#07613 0 0 0 0 0
#07614 0 0 0 0 0
#07615 0 0 0 0 0
#07700 0 0 0 0 0
#07701 0 0 0 0 0
#07702 0 0 0 0 0
#07703 0 0 0 0 0
#07704 0 0 0 0 0
#07705 0 0 0 0 0
#07706 0 0 0 0 0
#07707 0 0 0 0 0
#07708 0 0 0 0 0
#07709 0 0 0 0 0
#07710 0 0 0 0 0
#07711 0 0 0 0 0
#07712 0 0 0 0 0
#07713 0 0 0 0 0
#07714 0 0 0 0 0
#07715 0 0 0 0 0
#07800 0 0 0 0 0
#07801 0 0 0 0 0
#07802 0 0 0 0 0
#07803 0 0 0 0 0
#07804 0 0 0 0 0
#07805 0 0 0 0 0
#07806 0 0 0 0 0
#07807 0 0 0 0 0
#07808 0 0 0 0 0
#07809 0 0 0 0 0
#07810 0 0 0 0 0
#07811 0 0 0 0 0
#07812 0 0 0 0 0
#07813 0 0 0 0 0
#07814 0 0 0 0 0
#07815 0 0 0 0 0
#07900 0 0 0 0 0
#07901 0 0 0 0 0
#07902 0 0 0 0 0
#07903 0 0 0 0 0
#07904 0 0 0 0 0
#07905 0 0 0 0 0
#07906 0 0 0 0 0
#07907 0 0 0 0 0
#07908 0 0 0 0 0
#07909 0 0 0 0 0
#07910 0 0 0 0 0
#07911 0 0 0 0 0
#07912 0 0 0 0 0
#07913 0 0 0 0 0
#07914 0 0 0 0 0
#07915 0 0 0 0 0
#08000 0 0 0 0 0
#08001 0 0 0 0 0
#08002 0 0 0 0 0
#08003 0 0 0 0 0
#08004 0 0 0 0 0
#08005 0 0 0 0 0
#08006 0 0 0 0 0
#08007 0 0 0 0 0
#08008 0 0 0 0 0
#08009 0 0 0 0 0
#08010 0 0 0 0 0
#08011 0 0 0 0 0
#08012 0 0 0 0 0
#08013 0 0 0 0 0
#08014 0 0 0 0 0
#08015 0 0 0 0 0
#08100 0 0 0 0 0
#08101 0 0 0 0 0
#08102 0 0 0 0 0
#08103 0 0 0 0 0
#08104 0 0 0 0 0
#08105 0 0 0 0 0
#08106 0 0 0 0 0
#08107 0 0 0 0 0
#08108 0 0 0 0 0
#08109 0 0 0 0 0
#08110 0 0 0 0 0
#08111 0 0 0 0 0
#08112 0 0 0 0 0
#08113 0 0 0 0 0
#08114 0 0 0 0 0
#08115 0 0 0 0 0
#08200 0 0 0 0 0
#08201 0 0 0 0 0
#08202 0 0 0 0 0
#08203 0 0 0 0 0
#08204 0 0 0 0 0
#08205 0 0 0 0 0
#08206 0 0 0 0 0
#08207 0 0 0 0 0
#08208 0 0 0 0 0
#08209 0 0 0 0 0
#08210 0 0 0 0 0
#08211 0 0 0 0 0
#08212 0 0 0 0 0
#08213 0 0 0 0 0
#08214 0 0 0 0 0
#08215 0 0 0 0 0
#08300 0 0 0 0 0
#08301 0 0 0 0 0
#08302 0 0 0 0 0
#08303 0 0 0 0 0
#08304 0 0 0 0 0
#08305 0 0 0 0 0
#08306 0 0 0 0 0
#08307 0 0 0 0 0
#08308 0 0 0 0 0
#08309 0 0 0 0 0
#08310 0 0 0 0 0
#08311 0 0 0 0 0
#08312 0 0 0 0 0
#08313 0 0 0 0 0
#08314 0 0 0 0 0
#08315 0 0 0 0 0
#08400 0 0 0 0 0
#08401 0 0 0 0 0
#08402 0 0 0 0 0
#08403 0 0 0 0 0
#08404 0 0 0 0 0
#08405 0 0 0 0 0
#08406 0 0 0 0 0
#08407 0 0 0 0 0
#08408 0 0 0 0 0
#08409 0 0 0 0 0
#08410 0 0 0 0 0
#08411 0 0 0 0 0
#08412 0 0 0 0 0
#08413 0 0 0 0 0
#08414 0 0 0 0 0
#08415 0 0 0 0 0
#08500 0 0 0 0 0
#08501 0 0 0 0 0
#08502 0 0 0 0 0
#08503 0 0 0 0 0
#08504 0 0 0 0 0
#08505 0 0 0 0 0
#08506 0 0 0 0 0
#08507 0 0 0 0 0
#08508 0 0 0 0 0
#08509 0 0 0 0 0
#08510 0 0 0 0 0
#08511 0 0 0 0 0
#08512 0 0 0 0 0
#08513 0 0 0 0 0
#08514 0 0 0 0 0
#08515 0 0 0 0 0
#08600 0 0 0 0 0
#08601 0 0 0 0 0
#08602 0 0 0 0 0
#08603 0 0 0 0 0
#08604 0 0 0 0 0
#08605 0 0 0 0 0
#08606 0 0 0 0 0
#08607 0 0 0 0 0
#08608 0 0 0 0 0
#08609 0 0 0 0 0
#08610 0 0 0 0 0
#08611 0 0 0 0 0
#08612 0 0 0 0 0
#08613 0 0 0 0 0
#08614 0 0 0 0 0
#08615 0 0 0 0 0
#08700 0 0 0 0 0
#08701 0 0 0 0 0
#08702 0 0 0 0 0
#08703 0 0 0 0 0
#08704 0 0 0 0 0
#08705 0 0 0 0 0
#08706 0 0 0 0 0
#08707 0 0 0 0 0
#08708 0 0 0 0 0
#08709 0 0 0 0 0
#08710 0 0 0 0 0
#08711 0 0 0 0 0
#08712 0 0 0 0 0
#08713 0 0 0 0 0
#08714 0 0 0 0 0
#08715 0 0 0 0 0
#08800 0 0 0 0 0
#08801 0 0 0 0 0
#08802 0 0 0 0 0
#08803 0 0 0 0 0
#08804 0 0 0 0 0
#08805 0 0 0 0 0
#08806 0 0 0 0 0
#08807 0 0 0 0 0
#08808 0 0 0 0 0
#08809 0 0 0 0 0
#08810 0 0 0 0 0
#08811 0 0 0 0 0
#08812 0 0 0 0 0
#08813 0 0 0 0 0
#08814 0 0 0 0 0
#08815 0 0 0 0 0
#08900 0 0 0 0 0
#08901 0 0 0 0 0
#08902 0 0 0 0 0
#08903 0 0 0 0 0
#08904 0 0 0 0 0
#08905 0 0 0 0 0
#08906 0 0 0 0 0
#08907 0 0 0 0 0
#08908 0 0 0 0 0
#08909 0 0 0 0 0
#08910 0 0 0 0 0
#08911 0 0 0 0 0
#08912 0 0 0 0 0
#08913 0 0 0 0 0
#08914 0 0 0 0 0
#08915 0 0 0 0 0
#09000 0 0 0 0 0
#09001 0 0 0 0 0
#09002 0 0 0 0 0
#09003 0 0 0 0 0
#09004 0 0 0 0 0
#09005 0 0 0 0 0
#09006 0 0 0 0 0
#09007 0 0 0 0 0
#09008 0 0 0 0 0
#09009 0 0 0 0 0
#09010 0 0 0 0 0
#09011 0 0 0 0 0
#09012 0 0 0 0 0
#09013 0 0 0 0 0
#09014 0 0 0 0 0
#09015 0 0 0 0 0
#09100 0 0 0 0 0
#09101 0 0 0 0 0
#09102 0 0 0 0 0
#09103 0 0 0 0 0
#09104 0 0 0 0 0
#09105 0 0 0 0 0
#09106 0 0 0 0 0
#09107 0 0 0 0 0
#09108 0 0 0 0 0
#09109 0 0 0 0 0
#09110 0 0 0 0 0
#09111 0 0 0 0 0
#09112 0 0 0 0 0
#09113 0 0 0 0 0
#09114 0 0 0 0 0
#09115 0 0 0 0 0
#09200 0 0 0 0 0
#09201 0 0 0 0 0
#09202 0 0 0 0 0
#09203 0 0 0 0 0
#09204 0 0 0 0 0
#09205 0 0 0 0 0
#09206 0 0 0 0 0
#09207 0 0 0 0 0
#09208 0 0 0 0 0
#09209 0 0 0 0 0
#09210 0 0 0 0 0
#09211 0 0 0 0 0
#09212 0 0 0 0 0
#09213 0 0 0 0 0
#09214 0 0 0 0 0
#09215 0 0 0 0 0
#09300 0 0 0 0 0
#09301 0 0 0 0 0
#09302 0 0 0 0 0
#09303 0 0 0 0 0
#09304 0 0 0 0 0
#09305 0 0 0 0 0
#09306 0 0 0 0 0
#09307 0 0 0 0 0
#09308 0 0 0 0 0
#09309 0 0 0 0 0
#09310 0 0 0 0 0
#09311 0 0 0 0 0
#09312 0 0 0 0 0
#09313 0 0 0 0 0
#09314 0 0 0 0 0
#09315 0 0 0 0 0
#09400 0 0 0 0 0
#09401 0 0 0 0 0
#09402 0 0 0 0 0
#09403 0 0 0 0 0
#09404 0 0 0 0 0
#09405 0 0 0 0 0
#09406 0 0 0 0 0
#09407 0 0 0 0 0
#09408 0 0 0 0 0
#09409 0 0 0 0 0
#09410 0 0 0 0 0
#09411 0 0 0 0 0
#09412 0 0 0 0 0
#09413 0 0 0 0 0
#09414 0 0 0 0 0
#09415 0 0 0 0 0
#09500 0 0 0 0 0
#09501 0 0 0 0 0
#09502 0 0 0 0 0
#09503 0 0 0 0 0
#09504 0 0 0 0 0
#09505 0 0 0 0 0
#09506 0 0 0 0 0
#09507 0 0 0 0 0
#09508 0 0 0 0 0
#09509 0 0 0 0 0
#09510 0 0 0 0 0
#09511 0 0 0 0 0
#09512 0 0 0 0 0
#09513 0 0 0 0 0
#09514 0 0 0 0 0
#09515 0 0 0 0 0
#09600 0 0 0 0 0
#09601 0 0 0 0 0
#09602 0 0 0 0 0
#09603 0 0 0 0 0
#09604 0 0 0 0 0
#09605 0 0 0 0 0
#09606 0 0 0 0 0
#09607 0 0 0 0 0
#09608 0 0 0 0 0
#09609 0 0 0 0 0
#09610 0 0 0 0 0
#09611 0 0 0 0 0
#09612 0 0 0 0 0
#09613 0 0 0 0 0
#09614 0 0 0 0 0
#09615 0 0 0 0 0
#09700 0 0 0 0 0
#09701 0 0 0 0 0
#09702 0 0 0 0 0
#09703 0 0 0 0 0
#09704 0 0 0 0 0
#09705 0 0 0 0 0
#09706 0 0 0 0 0
#09707 0 0 0 0 0
#09708 0 0 0 0 0
#09709 0 0 0 0 0
#09710 0 0 0 0 0
#09711 0 0 0 0 0
#09712 0 0 0 0 0
#09713 0 0 0 0 0
#09714 0 0 0 0 0
#09715 0 0 0 0 0
#09800 0 0 0 0 0
#09801 0 0 0 0 0
#09802 0 0 0 0 0
#09803 0 0 0 0 0
#09804 0 0 0 0 0
#09805 0 0 0 0 0
#09806 0 0 0 0 0
#09807 0 0 0 0 0
#09808 0 0 0 0 0
#09809 0 0 0 0 0
#09810 0 0 0 0 0
#09811 0 0 0 0 0
#09812 0 0 0 0 0
#09813 0 0 0 0 0
#09814 0 0 0 0 0
#09815 0 0 0 0 0
#09900 0 0 0 0 0
#09901 0 0 0 0 0
#09902 0 0 0 0 0
#09903 0 0 0 0 0
#09904 0 0 0 0 0
#09905 0 0 0 0 0
#09906 0 0 0 0 0
#09907 0 0 0 0 0
#09908 0 0 0 0 0
#09909 0 0 0 0 0
#09910 0 0 0 0 0
#09911 0 0 0 0 0
#09912 0 0 0 0 0
#09913 0 0 0 0 0
#09914 0 0 0 0 0
#09915 0 0 0 0 0