HEADER
Name:dlfma
Bpm:100
Level:2
Time:30
ENDHEADER
#00000 0 0 0 0 1
#00001 0 0 0 0 1
#00002 0 0 0 0 1
#00003 0 0 0 0 1
#00004 0 0 0 0 1
#00005 0 0 0 0 1
#00006 0 0 0 0 1
#00007 0 0 0 0 1
#00008 0 0 0 0 1
#00009 0 0 0 0 1
#00010 0 0 0 0 1
#00011 0 0 0 0 1
#00012 0 0 0 0 1
#00013 0 0 0 0 1
#00014 0 0 0 0 1
#00015 0 0 0 0 1
#00100 0 0 0 0 1
#00101 0 0 0 0 1
#00102 0 0 0 0 1
#00103 0 0 0 0 1
#00104 0 0 0 0 1
#00105 0 0 0 0 1
#00106 0 0 0 0 1
#00107 0 0 0 0 1
#00108 0 0 0 0 1
#00109 0 0 0 0 1
#00110 0 0 0 0 1
#00111 0 0 0 0 1
#00112 0 0 0 0 1
#00113 0 0 0 0 1
#00114 0 0 0 0 1
#00115 0 0 0 0 1
#00200 0 0 0 0 1
#00201 0 0 0 0 1
#00202 0 0 0 0 1
#00203 0 0 0 0 1
#00204 0 0 0 0 1
#00205 0 0 0 0 1
#00206 0 0 0 0 1
#00207 0 0 0 0 1
#00208 0 0 0 0 1
#00209 0 0 0 0 1
#00210 0 0 0 0 1
#00211 0 0 0 0 1
#00212 0 0 0 0 1
#00213 0 0 0 0 1
#00214 0 0 0 0 1
#00215 0 0 0 0 1
#00300 0 0 0 0 1
#00301 0 0 0 0 1
#00302 0 0 0 0 1
#00303 0 0 0 0 1
#00304 0 0 0 0 1
#00305 0 0 0 0 1
#00306 0 0 0 0 1
#00307 0 0 0 0 1
#00308 0 0 0 0 1
#00309 0 0 0 0 1
#00310 0 0 0 0 1
#00311 0 0 0 0 1
#00312 0 0 0 0 1
#00313 0 0 0 0 1
#00314 0 0 0 0 1
#00315 0 0 0 0 1
#00400 0 0 0 0 1
#00401 0 0 0 0 1
#00402 0 0 0 0 1
#00403 0 0 0 0 1
#00404 0 0 0 0 1
#00405 0 0 0 0 1
#00406 0 0 0 0 1
#00407 0 0 0 0 1
#00408 0 0 0 0 1
#00409 0 0 0 0 1
#00410 0 0 0 0 1
#00411 0 0 0 0 1
#00412 0 0 0 0 1
#00413 0 0 0 0 1
#00414 0 0 0 0 1
#00415 0 0 0 0 1
#00500 0 0 0 0 1
#00501 0 0 0 0 1
#00502 0 0 0 0 1
#00503 0 0 0 0 1
#00504 0 0 0 0 1
#00505 0 0 0 0 1
#00506 0 0 0 0 1
#00507 0 0 0 0 1
#00508 0 0 0 0 1
#00509 0 0 0 0 1
#00510 0 0 0 0 1
#00511 0 0 0 0 1
#00512 0 0 0 0 1
#00513 0 0 0 0 1
#00514 0 0 0 0 1
#00515 0 0 0 0 1
#00600 0 0 0 0 1
#00601 0 0 0 0 1
#00602 0 0 0 0 1
#00603 0 0 0 0 1
#00604 0 0 0 0 1
#00605 0 0 0 0 1
#00606 0 0 0 0 1
#00607 0 0 0 0 1
#00608 0 0 0 0 1
#00609 0 0 0 0 1
#00610 0 0 0 0 1
#00611 0 0 0 0 1
#00612 0 0 0 0 1
#00613 0 0 0 0 1
#00614 0 0 0 0 1
#00615 0 0 0 0 1
#00700 0 0 0 0 1
#00701 0 0 0 0 1
#00702 0 0 0 0 1
#00703 0 0 0 0 1
#00704 0 0 0 0 1
#00705 0 0 0 0 1
#00706 0 0 0 0 1
#00707 0 0 0 0 1
#00708 0 0 0 0 1
#00709 0 0 0 0 1
#00710 0 0 0 0 1
#00711 0 0 0 0 1
#00712 0 0 0 0 1
#00713 0 0 0 0 1
#00714 0 0 0 0 1
#00715 0 0 0 0 1
#00800 0 0 0 0 1
#00801 0 0 0 0 1
#00802 0 0 0 0 1
#00803 0 0 0 0 1
#00804 0 0 0 0 1
#00805 0 0 0 0 1
#00806 0 0 0 0 1
#00807 0 0 0 0 1
#00808 0 0 0 0 1
#00809 0 0 0 0 1
#00810 0 0 0 0 1
#00811 0 0 0 0 1
#00812 0 0 0 0 1
#00813 0 0 0 0 1
#00814 0 0 0 0 1
#00815 0 0 0 0 1
#00900 0 0 0 0 1
#00901 0 0 0 0 1
#00902 0 0 0 0 1
#00903 0 0 0 0 1
#00904 0 0 0 0 1
#00905 0 0 0 0 1
#00906 0 0 0 0 1
#00907 0 0 0 0 1
#00908 0 0 0 0 1
#00909 0 0 0 0 1
#00910 0 0 0 0 1
#00911 0 0 0 0 1
#00912 0 0 0 0 1
#00913 0 0 0 0 1
#00914 0 0 0 0 1
#00915 0 0 0 0 1
#01000 0 0 0 0 1
#01001 0 0 0 0 1
#01002 0 0 0 0 1
#01003 0 0 0 0 1
#01004 0 0 0 0 1
#01005 0 0 0 0 1
#01006 0 0 0 0 1
#01007 0 0 0 0 1
#01008 0 0 0 0 1
#01009 0 0 0 0 1
#01010 0 0 0 0 1
#01011 0 0 0 0 1
#01012 0 0 0 0 1
#01013 0 0 0 0 1
#01014 0 0 0 0 1
#01015 0 0 0 0 1
#01100 0 0 0 0 1
#01101 0 0 0 0 1
#01102 0 0 0 0 1
#01103 0 0 0 0 1
#01104 0 0 0 0 1
#01105 0 0 0 0 1
#01106 0 0 0 0 1
#01107 0 0 0 0 1
#01108 0 0 0 0 1
#01109 0 0 0 0 1
#01110 0 0 0 0 1
#01111 0 0 0 0 1
#01112 0 0 0 0 1
#01113 0 0 0 0 1
#01114 0 0 0 0 1
#01115 0 0 0 0 1
#01200 0 0 0 0 1
#01201 0 0 0 0 1
#01202 0 0 0 0 1
#01203 0 0 0 0 1
#01204 0 0 0 0 1
#01205 0 0 0 0 1
#01206 0 0 0 0 1
#01207 0 0 0 0 1
#01208 0 0 0 0 1
#01209 0 0 0 0 1
#01210 0 0 0 0 1
#01211 0 0 0 0 1
#01212 0 0 0 0 1
#01213 0 0 0 0 1
#01214 0 0 0 0 1
#01215 0 0 0 0 1
#01300 0 0 0 0 1
#01301 0 0 0 0 1
#01302 0 0 0 0 1
#01303 0 0 0 0 1
#01304 0 0 0 0 1
#01305 0 0 0 0 1
#01306 0 0 0 0 1
#01307 0 0 0 0 1
#01308 0 0 0 0 1
#01309 0 0 0 0 1
#01310 0 0 0 0 1
#01311 0 0 0 0 1
#01312 0 0 0 0 1
#01313 0 0 0 0 1
#01314 0 0 0 0 1
#01315 0 0 0 0 1
#01400 0 0 0 0 1
#01401 0 0 0 0 1
#01402 0 0 0 0 1
#01403 0 0 0 0 1
#01404 0 0 0 0 1
#01405 0 0 0 0 1
#01406 0 0 0 0 1
#01407 0 0 0 0 1
#01408 0 0 0 0 1
#01409 0 0 0 0 1
#01410 0 0 0 0 1
#01411 0 0 0 0 1
#01412 0 0 0 0 1
#01413 0 0 0 0 1
#01414 0 0 0 0 1
#01415 0 0 0 0 1
#01500 0 0 0 0 1
#01501 0 0 0 0 1
#01502 0 0 0 0 1
#01503 0 0 0 0 1
#01504 0 0 0 0 1
#01505 0 0 0 0 1
#01506 0 0 0 0 1
#01507 0 0 0 0 1
#01508 0 0 0 0 1
#01509 0 0 0 0 1
#01510 0 0 0 0 1
#01511 0 0 0 0 1
#01512 0 0 0 0 1
#01513 0 0 0 0 1
#01514 0 0 0 0 1
#01515 0 0 0 0 1
#01600 0 0 0 0 1
#01601 0 0 0 0 1
#01602 0 0 0 0 1
#01603 0 0 0 0 1
#01604 0 0 0 0 1
#01605 0 0 0 0 1
#01606 0 0 0 0 1
#01607 0 0 0 0 1
#01608 0 0 0 0 1
#01609 0 0 0 0 1
#01610 0 0 0 0 1
#01611 0 0 0 0 1
#01612 0 0 0 0 1
#01613 0 0 0 0 1
#01614 0 0 0 0 1
#01615 0 0 0 0 1
#01700 0 0 0 0 1
#01701 0 0 0 0 1
#01702 0 0 0 0 1
#01703 0 0 0 0 1
#01704 0 0 0 0 1
#01705 0 0 0 0 1
#01706 0 0 0 0 1
#01707 0 0 0 0 1
#01708 0 0 0 0 1
#01709 0 0 0 0 1
#01710 0 0 0 0 1
#01711 0 0 0 0 1
#01712 0 0 0 0 1
#01713 0 0 0 0 1
#01714 0 0 0 0 1
#01715 0 0 0 0 1
#01800 0 0 0 0 1
#01801 0 0 0 0 1
#01802 0 0 0 0 1
#01803 0 0 0 0 1
#01804 0 0 0 0 1
#01805 0 0 0 0 1
#01806 0 0 0 0 1
#01807 0 0 0 0 1
#01808 0 0 0 0 1
#01809 0 0 0 0 1
#01810 0 0 0 0 1
#01811 0 0 0 0 1
#01812 0 0 0 0 1
#01813 0 0 0 0 1
#01814 0 0 0 0 1
#01815 0 0 0 0 1
#01900 0 0 0 0 1
#01901 0 0 0 0 1
#01902 0 0 0 0 1
#01903 0 0 0 0 1
#01904 0 0 0 0 1
#01905 0 0 0 0 1
#01906 0 0 0 0 1
#01907 0 0 0 0 1
#01908 0 0 0 0 1
#01909 0 0 0 0 1
#01910 0 0 0 0 1
#01911 0 0 0 0 1
#01912 0 0 0 0 1
#01913 0 0 0 0 1
#01914 0 0 0 0 1
#01915 0 0 0 0 1
#02000 0 0 0 0 1
#02001 0 0 0 0 1
#02002 0 0 0 0 1
#02003 0 0 0 0 1
#02004 0 0 0 0 1
#02005 0 0 0 0 1
#02006 0 0 0 0 1
#02007 0 0 0 0 1
#02008 0 0 0 0 1
#02009 0 0 0 0 1
#02010 0 0 0 0 1
#02011 0 0 0 0 1
#02012 0 0 0 0 1
#02013 0 0 0 0 1
#02014 0 0 0 0 1
#02015 0 0 0 0 1
#02100 0 0 0 0 1
#02101 0 0 0 0 1
#02102 0 0 0 0 1
#02103 0 0 0 0 1
#02104 0 0 0 0 1
#02105 0 0 0 0 1
#02106 0 0 0 0 1
#02107 0 0 0 0 1
#02108 0 0 0 0 1
#02109 0 0 0 0 1
#02110 0 0 0 0 1
#02111 0 0 0 0 1
#02112 0 0 0 0 1
#02113 0 0 0 0 1
#02114 0 0 0 0 1
#02115 0 0 0 0 1
#02200 0 0 0 0 1
#02201 0 0 0 0 1
#02202 0 0 0 0 1
#02203 0 0 0 0 1
#02204 0 0 0 0 1
#02205 0 0 0 0 1
#02206 0 0 0 0 1
#02207 0 0 0 0 1
#02208 0 0 0 0 1
#02209 0 0 0 0 1
#02210 0 0 0 0 1
#02211 0 0 0 0 1
#02212 0 0 0 0 1
#02213 0 0 0 0 1
#02214 0 0 0 0 1
#02215 0 0 0 0 1
#02300 0 0 0 0 1
#02301 0 0 0 0 1
#02302 0 0 0 0 1
#02303 0 0 0 0 1
#02304 0 0 0 0 1
#02305 0 0 0 0 1
#02306 0 0 0 0 1
#02307 0 0 0 0 1
#02308 0 0 0 0 1
#02309 0 0 0 0 1
#02310 0 0 0 0 1
#02311 0 0 0 0 1
#02312 0 0 0 0 1
#02313 0 0 0 0 1
#02314 0 0 0 0 1
#02315 0 0 0 0 1
#02400 0 0 0 0 1
#02401 0 0 0 0 1
#02402 0 0 0 0 1
#02403 0 0 0 0 1
#02404 0 0 0 0 1
#02405 0 0 0 0 1
#02406 0 0 0 0 1
#02407 0 0 0 0 1
#02408 0 0 0 0 1
#02409 0 0 0 0 1
#02410 0 0 0 0 1
#02411 0 0 0 0 1
#02412 0 0 0 0 1
#02413 0 0 0 0 1
#02414 0 0 0 0 1
#02415 0 0 0 0 1
#02500 0 0 0 0 1
#02501 0 0 0 0 1
#02502 0 0 0 0 1
#02503 0 0 0 0 1
#02504 0 0 0 0 1
#02505 0 0 0 0 1
#02506 0 0 0 0 1
#02507 0 0 0 0 1
#02508 0 0 0 0 1
#02509 0 0 0 0 1
#02510 0 0 0 0 1
#02511 0 0 0 0 1
#02512 0 0 0 0 1
#02513 0 0 0 0 1
#02514 0 0 0 0 1
#02515 0 0 0 0 1
#02600 0 0 0 0 1
#02601 0 0 0 0 1
#02602 0 0 0 0 1
#02603 0 0 0 0 1
#02604 0 0 0 0 1
#02605 0 0 0 0 1
#02606 0 0 0 0 1
#02607 0 0 0 0 1
#02608 0 0 0 0 1
#02609 0 0 0 0 1
#02610 0 0 0 0 1
#02611 0 0 0 0 1
#02612 0 0 0 0 1
#02613 0 0 0 0 1
#02614 0 0 0 0 1
#02615 0 0 0 0 1
#02700 0 0 0 0 1
#02701 0 0 0 0 1
#02702 0 0 0 0 1
#02703 0 0 0 0 1
#02704 0 0 0 0 1
#02705 0 0 0 0 1
#02706 0 0 0 0 1
#02707 0 0 0 0 1
#02708 0 0 0 0 1
#02709 0 0 0 0 1
#02710 0 0 0 0 1
#02711 0 0 0 0 1
#02712 0 0 0 0 1
#02713 0 0 0 0 1
#02714 0 0 0 0 1
#02715 0 0 0 0 1
#02800 0 0 0 0 1
#02801 0 0 0 0 1
#02802 0 0 0 0 1
#02803 0 0 0 0 1
#02804 0 0 0 0 1
#02805 0 0 0 0 1
#02806 0 0 0 0 1
#02807 0 0 0 0 1
#02808 0 0 0 0 1
#02809 0 0 0 0 1
#02810 0 0 0 0 1
#02811 0 0 0 0 1
#02812 0 0 0 0 1
#02813 0 0 0 0 1
#02814 0 0 0 0 1
#02815 0 0 0 0 1
#02900 0 0 0 0 1
#02901 0 0 0 0 1
#02902 0 0 0 0 1
#02903 0 0 0 0 1
#02904 0 0 0 0 1
#02905 0 0 0 0 1
#02906 0 0 0 0 1
#02907 0 0 0 0 1
#02908 0 0 0 0 1
#02909 0 0 0 0 1
#02910 0 0 0 0 1
#02911 0 0 0 0 1
#02912 0 0 0 0 1
#02913 0 0 0 0 1
#02914 0 0 0 0 1
#02915 0 0 0 0 1
#03000 0 0 0 0 1
#03001 0 0 0 0 1
#03002 0 0 0 0 1
#03003 0 0 0 0 1
#03004 0 0 0 0 1
#03005 0 0 0 0 1
#03006 0 0 0 0 1
#03007 0 0 0 0 1
#03008 0 0 0 0 1
#03009 0 0 0 0 1
#03010 0 0 0 0 1
#03011 0 0 0 0 1
#03012 0 0 0 0 1
#03013 0 0 0 0 1
#03014 0 0 0 0 1
#03015 0 0 0 0 1
#03100 0 0 0 0 1
#03101 0 0 0 0 1
#03102 0 0 0 0 1
#03103 0 0 0 0 1
#03104 0 0 0 0 1
#03105 0 0 0 0 1
#03106 0 0 0 0 1
#03107 0 0 0 0 1
#03108 0 0 0 0 1
#03109 0 0 0 0 1
#03110 0 0 0 0 1
#03111 0 0 0 0 1
#03112 0 0 0 0 1
#03113 0 0 0 0 1
#03114 0 0 0 0 1
#03115 0 0 0 0 1
#03200 0 0 0 0 1
#03201 0 0 0 0 1
#03202 0 0 0 0 1
#03203 0 0 0 0 1
#03204 0 0 0 0 1
#03205 0 0 0 0 1
#03206 0 0 0 0 1
#03207 0 0 0 0 1
#03208 0 0 0 0 1
#03209 0 0 0 0 1
#03210 0 0 0 0 1
#03211 0 0 0 0 1
#03212 0 0 0 0 1
#03213 0 0 0 0 1
#03214 0 0 0 0 1
#03215 0 0 0 0 1
#03300 0 0 0 0 1
#03301 0 0 0 0 1
#03302 0 0 0 0 1
#03303 0 0 0 0 1
#03304 0 0 0 0 1
#03305 0 0 0 0 1
#03306 0 0 0 0 1
#03307 0 0 0 0 1
#03308 0 0 0 0 1
#03309 0 0 0 0 1
#03310 0 0 0 0 1
#03311 0 0 0 0 1
#03312 0 0 0 0 1
#03313 0 0 0 0 1
#03314 0 0 0 0 1
#03315 0 0 0 0 1
#03400 0 0 0 0 1
#03401 0 0 0 0 1
#03402 0 0 0 0 1
#03403 0 0 0 0 1
#03404 0 0 0 0 1
#03405 0 0 0 0 1
#03406 0 0 0 0 1
#03407 0 0 0 0 1
#03408 0 0 0 0 1
#03409 0 0 0 0 1
#03410 0 0 0 0 1
#03411 0 0 0 0 1
#03412 0 0 0 0 1
#03413 0 0 0 0 1
#03414 0 0 0 0 1
#03415 0 0 0 0 1
#03500 0 0 0 0 1
#03501 0 0 0 0 1
#03502 0 0 0 0 1
#03503 0 0 0 0 1
#03504 0 0 0 0 1
#03505 0 0 0 0 1
#03506 0 0 0 0 1
#03507 0 0 0 0 1
#03508 0 0 0 0 1
#03509 0 0 0 0 1
#03510 0 0 0 0 1
#03511 0 0 0 0 1
#03512 0 0 0 0 1
#03513 0 0 0 0 1
#03514 0 0 0 0 1
#03515 0 0 0 0 1
#03600 0 0 0 0 1
#03601 0 0 0 0 1
#03602 0 0 0 0 1
#03603 0 0 0 0 1
#03604 0 0 0 0 1
#03605 0 0 0 0 1
#03606 0 0 0 0 1
#03607 0 0 0 0 1
#03608 0 0 0 0 1
#03609 0 0 0 0 1
#03610 0 0 0 0 1
#03611 0 0 0 0 1
#03612 0 0 0 0 1
#03613 0 0 0 0 1
#03614 0 0 0 0 1
#03615 0 0 0 0 1
#03700 0 0 0 0 1
#03701 0 0 0 0 1
#03702 0 0 0 0 1
#03703 0 0 0 0 1
#03704 0 0 0 0 1
#03705 0 0 0 0 1
#03706 0 0 0 0 1
#03707 0 0 0 0 1
#03708 0 0 0 0 1
#03709 0 0 0 0 1
#03710 0 0 0 0 1
#03711 0 0 0 0 1
#03712 0 0 0 0 1
#03713 0 0 0 0 1
#03714 0 0 0 0 1
#03715 0 0 0 0 1
#03800 0 0 0 0 1
#03801 0 0 0 0 1
#03802 0 0 0 0 1
#03803 0 0 0 0 1
#03804 0 0 0 0 1
#03805 0 0 0 0 1
#03806 0 0 0 0 1
#03807 0 0 0 0 1
#03808 0 0 0 0 1
#03809 0 0 0 0 1
#03810 0 0 0 0 1
#03811 0 0 0 0 1
#03812 0 0 0 0 1
#03813 0 0 0 0 1
#03814 0 0 0 0 1
#03815 0 0 0 0 1
#03900 0 0 0 0 1
#03901 0 0 0 0 1
#03902 0 0 0 0 1
#03903 0 0 0 0 1
#03904 0 0 0 0 1
#03905 0 0 0 0 1
#03906 0 0 0 0 1
#03907 0 0 0 0 1
#03908 0 0 0 0 1
#03909 0 0 0 0 1
#03910 0 0 0 0 1
#03911 0 0 0 0 1
#03912 0 0 0 0 1
#03913 0 0 0 0 1
#03914 0 0 0 0 1
#03915 0 0 0 0 1
#04000 0 0 0 0 1
#04001 0 0 0 0 1
#04002 0 0 0 0 1
#04003 0 0 0 0 1
#04004 0 0 0 0 1
#04005 0 0 0 0 1
#04006 0 0 0 0 1
#04007 0 0 0 0 1
#04008 0 0 0 0 1
#04009 0 0 0 0 1
#04010 0 0 0 0 1
#04011 0 0 0 0 1
#04012 0 0 0 0 1
#04013 0 0 0 0 1
#04014 0 0 0 0 1
#04015 0 0 0 0 1
#04100 0 0 0 0 1
#04101 0 0 0 0 1
#04102 0 0 0 0 1
#04103 0 0 0 0 1
#04104 0 0 0 0 1
#04105 0 0 0 0 1
#04106 0 0 0 0 1
#04107 0 0 0 0 1
#04108 0 0 0 0 1
#04109 0 0 0 0 1
#04110 0 0 0 0 1
#04111 0 0 0 0 1
#04112 0 0 0 0 1
#04113 0 0 0 0 1
#04114 0 0 0 0 1
#04115 0 0 0 0 1
#04200 0 0 0 0 1
#04201 0 0 0 0 1
#04202 0 0 0 0 1
#04203 0 0 0 0 1
#04204 0 0 0 0 1
#04205 0 0 0 0 1
#04206 0 0 0 0 1
#04207 0 0 0 0 1
#04208 0 0 0 0 1
#04209 0 0 0 0 1
#04210 0 0 0 0 1
#04211 0 0 0 0 1
#04212 0 0 0 0 1
#04213 0 0 0 0 1
#04214 0 0 0 0 1
#04215 0 0 0 0 1
#04300 0 0 0 0 1
#04301 0 0 0 0 1
#04302 0 0 0 0 1
#04303 0 0 0 0 1
#04304 0 0 0 0 1
#04305 0 0 0 0 1
#04306 0 0 0 0 1
#04307 0 0 0 0 1
#04308 0 0 0 0 1
#04309 0 0 0 0 1
#04310 0 0 0 0 1
#04311 0 0 0 0 1
#04312 0 0 0 0 1
#04313 0 0 0 0 1
#04314 0 0 0 0 1
#04315 0 0 0 0 1
#04400 0 0 0 0 1
#04401 0 0 0 0 1
#04402 0 0 0 0 1
#04403 0 0 0 0 1
#04404 0 0 0 0 1
#04405 0 0 0 0 1
#04406 0 0 0 0 1
#04407 0 0 0 0 1
#04408 0 0 0 0 1
#04409 0 0 0 0 1
#04410 0 0 0 0 1
#04411 0 0 0 0 1
#04412 0 0 0 0 1
#04413 0 0 0 0 1
#04414 0 0 0 0 1
#04415 0 0 0 0 1
#04500 0 0 0 0 1
#04501 0 0 0 0 1
#04502 0 0 0 0 1
#04503 0 0 0 0 1
#04504 0 0 0 0 1
#04505 0 0 0 0 1
#04506 0 0 0 0 1
#04507 0 0 0 0 1
#04508 0 0 0 0 1
#04509 0 0 0 0 1
#04510 0 0 0 0 1
#04511 0 0 0 0 1
#04512 0 0 0 0 1
#04513 0 0 0 0 1
#04514 0 0 0 0 1
#04515 0 0 0 0 1
#04600 0 0 0 0 1
#04601 0 0 0 0 1
#04602 0 0 0 0 1
#04603 0 0 0 0 1
#04604 0 0 0 0 1
#04605 0 0 0 0 1
#04606 0 0 0 0 1
#04607 0 0 0 0 1
#04608 0 0 0 0 1
#04609 0 0 0 0 1
#04610 0 0 0 0 1
#04611 0 0 0 0 1
#04612 0 0 0 0 1
#04613 0 0 0 0 1
#04614 0 0 0 0 1
#04615 0 0 0 0 1
#04700 0 0 0 0 1
#04701 0 0 0 0 1
#04702 0 0 0 0 1
#04703 0 0 0 0 1
#04704 0 0 0 0 1
#04705 0 0 0 0 1
#04706 0 0 0 0 1
#04707 0 0 0 0 1
#04708 0 0 0 0 1
#04709 0 0 0 0 1
#04710 0 0 0 0 1
#04711 0 0 0 0 1
#04712 0 0 0 0 1
#04713 0 0 0 0 1
#04714 0 0 0 0 1
#04715 0 0 0 0 1
#04800 0 0 0 0 1
#04801 0 0 0 0 1
#04802 0 0 0 0 1
#04803 0 0 0 0 1
#04804 0 0 0 0 1
#04805 0 0 0 0 1
#04806 0 0 0 0 1
#04807 0 0 0 0 1
#04808 0 0 0 0 1
#04809 0 0 0 0 1
#04810 0 0 0 0 1
#04811 0 0 0 0 1
#04812 0 0 0 0 1
#04813 0 0 0 0 1
#04814 0 0 0 0 1
#04815 0 0 0 0 1
#04900 0 0 0 0 1
#04901 0 0 0 0 1
#04902 0 0 0 0 1
#04903 0 0 0 0 1
#04904 0 0 0 0 1
#04905 0 0 0 0 1
#04906 0 0 0 0 1
#04907 0 0 0 0 1
#04908 0 0 0 0 1
#04909 0 0 0 0 1
#04910 0 0 0 0 1
#04911 0 0 0 0 1
#04912 0 0 0 0 1
#04913 0 0 0 0 1
#04914 0 0 0 0 1
#04915 0 0 0 0 1