HEADER
Name:120
Bpm:120
Level:120
Time:120
ENDHEADER
#00000 0 0 0 0 0
#00001 0 0 0 0 0
#00002 0 0 0 0 0
#00003 0 0 0 0 0
#00004 0 0 0 0 0
#00005 0 0 0 0 0
#00006 0 0 0 0 0
#00007 0 0 0 0 0
#00008 0 0 0 0 0
#00009 0 0 0 0 0
#00010 0 0 0 0 0
#00011 0 0 0 0 0
#00012 0 0 0 0 0
#00013 0 0 0 0 0
#00014 0 0 0 0 0
#00015 0 0 0 0 0
#00100 0 0 0 0 0
#00101 0 0 0 0 0
#00102 0 0 0 0 0
#00103 0 0 0 0 0
#00104 0 0 0 0 0
#00105 0 0 0 0 0
#00106 0 0 0 0 0
#00107 0 0 0 0 0
#00108 0 0 0 0 0
#00109 0 0 0 0 0
#00110 0 0 0 0 0
#00111 0 0 0 0 0
#00112 0 0 0 0 0
#00113 0 0 0 0 0
#00114 0 0 0 0 0
#00115 0 0 0 0 0
#00200 0 0 0 0 0
#00201 0 0 0 0 0
#00202 0 0 0 0 0
#00203 0 0 0 0 0
#00204 0 0 0 0 0
#00205 0 0 0 0 0
#00206 0 0 0 0 0
#00207 0 0 0 0 0
#00208 0 0 0 0 0
#00209 0 0 0 0 0
#00210 0 0 0 0 0
#00211 0 0 0 0 0
#00212 0 0 0 0 0
#00213 0 0 0 0 0
#00214 0 0 0 0 0
#00215 0 0 0 0 0
#00300 0 0 0 0 0
#00301 0 0 0 0 0
#00302 0 0 0 0 0
#00303 0 0 0 0 0
#00304 0 0 0 0 0
#00305 0 0 0 0 0
#00306 0 0 0 0 0
#00307 0 0 0 0 0
#00308 0 0 0 0 0
#00309 0 0 0 0 0
#00310 0 0 0 0 0
#00311 0 0 0 0 0
#00312 0 0 0 0 0
#00313 0 0 0 0 0
#00314 0 0 0 0 0
#00315 0 0 0 0 0
#00400 0 0 0 0 0
#00401 0 0 0 0 0
#00402 0 0 0 0 0
#00403 0 0 0 0 0
#00404 0 0 0 0 0
#00405 0 0 0 0 0
#00406 0 0 0 0 0
#00407 0 0 0 0 0
#00408 0 0 0 0 0
#00409 0 0 0 0 0
#00410 0 0 0 0 0
#00411 0 0 0 0 0
#00412 0 0 0 0 0
#00413 0 0 0 0 0
#00414 0 0 0 0 0
#00415 0 0 0 0 0
#00500 0 0 0 0 0
#00501 0 0 0 0 0
#00502 0 0 0 0 0
#00503 0 0 0 0 0
#00504 0 0 0 0 0
#00505 0 0 0 0 0
#00506 0 0 0 0 0
#00507 0 0 0 0 0
#00508 0 0 0 0 0
#00509 0 0 0 0 0
#00510 0 0 0 0 0
#00511 0 0 0 0 0
#00512 0 0 0 0 0
#00513 0 0 0 0 0
#00514 0 0 0 0 0
#00515 0 0 0 0 0
#00600 0 0 0 0 0
#00601 0 0 0 0 0
#00602 0 0 0 0 0
#00603 0 0 0 0 0
#00604 0 0 0 0 0
#00605 0 0 0 0 0
#00606 0 0 0 0 0
#00607 0 0 0 0 0
#00608 0 0 0 0 0
#00609 0 0 0 0 0
#00610 0 0 0 0 0
#00611 0 0 0 0 0
#00612 0 0 0 0 0
#00613 0 0 0 0 0
#00614 0 0 0 0 0
#00615 0 0 0 0 0
#00700 0 0 0 0 0
#00701 0 0 0 0 0
#00702 0 0 0 0 0
#00703 0 0 0 0 0
#00704 0 0 0 0 0
#00705 0 0 0 0 0
#00706 0 0 0 0 0
#00707 0 0 0 0 0
#00708 0 0 0 0 0
#00709 0 0 0 0 0
#00710 0 0 0 0 0
#00711 0 0 0 0 0
#00712 0 0 0 0 0
#00713 0 0 0 0 0
#00714 0 0 0 0 0
#00715 0 0 0 0 0
#00800 0 0 0 0 0
#00801 0 0 0 0 0
#00802 0 0 0 0 0
#00803 0 0 0 0 0
#00804 0 0 0 0 0
#00805 0 0 0 0 0
#00806 0 0 0 0 0
#00807 0 0 0 0 0
#00808 0 0 0 0 0
#00809 0 0 0 0 0
#00810 0 0 0 0 0
#00811 0 0 0 0 0
#00812 0 0 0 0 0
#00813 0 0 0 0 0
#00814 0 0 0 0 0
#00815 0 0 0 0 0
#00900 0 0 0 0 0
#00901 0 0 0 0 0
#00902 0 0 0 0 0
#00903 0 0 0 0 0
#00904 0 0 0 0 0
#00905 0 0 0 0 0
#00906 0 0 0 0 0
#00907 0 0 0 0 0
#00908 0 0 0 0 0
#00909 0 0 0 0 0
#00910 0 0 0 0 0
#00911 0 0 0 0 0
#00912 0 0 0 0 0
#00913 0 0 0 0 0
#00914 0 0 0 0 0
#00915 0 0 0 0 0
#01000 0 0 0 0 0
#01001 0 0 0 0 0
#01002 0 0 0 0 0
#01003 0 0 0 0 0
#01004 0 0 0 0 0
#01005 0 0 0 0 0
#01006 0 0 0 0 0
#01007 0 0 0 0 0
#01008 0 0 0 0 0
#01009 0 0 0 0 0
#01010 0 0 0 0 0
#01011 0 0 0 0 0
#01012 0 0 0 0 0
#01013 0 0 0 0 0
#01014 0 0 0 0 0
#01015 0 0 0 0 0
#01100 0 0 0 0 0
#01101 0 0 0 0 0
#01102 0 0 0 0 0
#01103 0 0 0 0 0
#01104 0 0 0 0 0
#01105 0 0 0 0 0
#01106 0 0 0 0 0
#01107 0 0 0 0 0
#01108 0 0 0 0 0
#01109 0 0 0 0 0
#01110 0 0 0 0 0
#01111 0 0 0 0 0
#01112 0 0 0 0 0
#01113 0 0 0 0 0
#01114 0 0 0 0 0
#01115 0 0 0 0 0
#01200 0 0 0 0 0
#01201 0 0 0 0 0
#01202 0 0 0 0 0
#01203 0 0 0 0 0
#01204 0 0 0 0 0
#01205 0 0 0 0 0
#01206 0 0 0 0 0
#01207 0 0 0 0 0
#01208 0 0 0 0 0
#01209 0 0 0 0 0
#01210 0 0 0 0 0
#01211 0 0 0 0 0
#01212 0 0 0 0 0
#01213 0 0 0 0 0
#01214 0 0 0 0 0
#01215 0 0 0 0 0
#01300 0 0 0 0 0
#01301 0 0 0 0 0
#01302 0 0 0 0 0
#01303 0 0 0 0 0
#01304 0 0 0 0 0
#01305 0 0 0 0 0
#01306 0 0 0 0 0
#01307 0 0 0 0 0
#01308 0 0 0 0 0
#01309 0 0 0 0 0
#01310 0 0 0 0 0
#01311 0 0 0 0 0
#01312 0 0 0 0 0
#01313 0 0 0 0 0
#01314 0 0 0 0 0
#01315 0 0 0 0 0
#01400 0 0 0 0 0
#01401 0 0 0 0 0
#01402 0 0 0 0 0
#01403 0 0 0 0 0
#01404 0 0 0 0 0
#01405 0 0 0 0 0
#01406 0 0 0 0 0
#01407 0 0 0 0 0
#01408 0 0 0 0 0
#01409 0 0 0 0 0
#01410 0 0 0 0 0
#01411 0 0 0 0 0
#01412 0 0 0 0 0
#01413 0 0 0 0 0
#01414 0 0 0 0 0
#01415 0 0 0 0 0
#01500 0 0 0 0 0
#01501 0 0 0 0 0
#01502 0 0 0 0 0
#01503 0 0 0 0 0
#01504 0 0 0 0 0
#01505 0 0 0 0 0
#01506 0 0 0 0 0
#01507 0 0 0 0 0
#01508 0 0 0 0 0
#01509 0 0 0 0 0
#01510 0 0 0 0 0
#01511 0 0 0 0 0
#01512 0 0 0 0 0
#01513 0 0 0 0 0
#01514 0 0 0 0 0
#01515 0 0 0 0 0
#01600 0 0 0 0 0
#01601 0 0 0 0 0
#01602 0 0 0 0 0
#01603 0 0 0 0 0
#01604 0 0 0 0 0
#01605 0 0 0 0 0
#01606 0 0 0 0 0
#01607 0 0 0 0 0
#01608 0 0 0 0 0
#01609 0 0 0 0 0
#01610 0 0 0 0 0
#01611 0 0 0 0 0
#01612 0 0 0 0 0
#01613 0 0 0 0 0
#01614 0 0 0 0 0
#01615 0 0 0 0 0
#01700 0 0 0 0 0
#01701 0 0 0 0 0
#01702 0 0 0 0 0
#01703 0 0 0 0 0
#01704 0 0 0 0 0
#01705 0 0 0 0 0
#01706 0 0 0 0 0
#01707 0 0 0 0 0
#01708 0 0 0 0 0
#01709 0 0 0 0 0
#01710 0 0 0 0 0
#01711 0 0 0 0 0
#01712 0 0 0 0 0
#01713 0 0 0 0 0
#01714 0 0 0 0 0
#01715 0 0 0 0 0
#01800 0 0 0 0 0
#01801 0 0 0 0 0
#01802 0 0 0 0 0
#01803 0 0 0 0 0
#01804 0 0 0 0 0
#01805 0 0 0 0 0
#01806 0 0 0 0 0
#01807 0 0 0 0 0
#01808 0 0 0 0 0
#01809 0 0 0 0 0
#01810 0 0 0 0 0
#01811 0 0 0 0 0
#01812 0 0 0 0 0
#01813 0 0 0 0 0
#01814 0 0 0 0 0
#01815 0 0 0 0 0
#01900 0 0 0 0 0
#01901 0 0 0 0 0
#01902 0 0 0 0 0
#01903 0 0 0 0 0
#01904 0 0 0 0 0
#01905 0 0 0 0 0
#01906 0 0 0 0 0
#01907 0 0 0 0 0
#01908 0 0 0 0 0
#01909 0 0 0 0 0
#01910 0 0 0 0 0
#01911 0 0 0 0 0
#01912 0 0 0 0 0
#01913 0 0 0 0 0
#01914 0 0 0 0 0
#01915 0 0 0 0 0
#02000 0 0 0 0 0
#02001 0 0 0 0 0
#02002 0 0 0 0 0
#02003 0 0 0 0 0
#02004 0 0 0 0 0
#02005 0 0 0 0 0
#02006 0 0 0 0 0
#02007 0 0 0 0 0
#02008 0 0 0 0 0
#02009 0 0 0 0 0
#02010 0 0 0 0 0
#02011 0 0 0 0 0
#02012 0 0 0 0 0
#02013 0 0 0 0 0
#02014 0 0 0 0 0
#02015 0 0 0 0 0
#02100 0 0 0 0 0
#02101 0 0 0 0 0
#02102 0 0 0 0 0
#02103 0 0 0 0 0
#02104 0 0 0 0 0
#02105 0 0 0 0 0
#02106 0 0 0 0 0
#02107 0 0 0 0 0
#02108 0 0 0 0 0
#02109 0 0 0 0 0
#02110 0 0 0 0 0
#02111 0 0 0 0 0
#02112 0 0 0 0 0
#02113 0 0 0 0 0
#02114 0 0 0 0 0
#02115 0 0 0 0 0
#02200 0 0 0 0 0
#02201 0 0 0 0 0
#02202 0 0 0 0 0
#02203 0 0 0 0 0
#02204 0 0 0 0 0
#02205 0 0 0 0 0
#02206 0 0 0 0 0
#02207 0 0 0 0 0
#02208 0 0 0 0 0
#02209 0 0 0 0 0
#02210 0 0 0 0 0
#02211 0 0 0 0 0
#02212 0 0 0 0 0
#02213 0 0 0 0 0
#02214 0 0 0 0 0
#02215 0 0 0 0 0
#02300 0 0 0 0 0
#02301 0 0 0 0 0
#02302 0 0 0 0 0
#02303 0 0 0 0 0
#02304 0 0 0 0 0
#02305 0 0 0 0 0
#02306 0 0 0 0 0
#02307 0 0 0 0 0
#02308 0 0 0 0 0
#02309 0 0 0 0 0
#02310 0 0 0 0 0
#02311 0 0 0 0 0
#02312 0 0 0 0 0
#02313 0 0 0 0 0
#02314 0 0 0 0 0
#02315 0 0 0 0 0
#02400 0 0 0 0 0
#02401 0 0 0 0 0
#02402 0 0 0 0 0
#02403 0 0 0 0 0
#02404 0 0 0 0 0
#02405 0 0 0 0 0
#02406 0 0 0 0 0
#02407 0 0 0 0 0
#02408 0 0 0 0 0
#02409 0 0 0 0 0
#02410 0 0 0 0 0
#02411 0 0 0 0 0
#02412 0 0 0 0 0
#02413 0 0 0 0 0
#02414 0 0 0 0 0
#02415 0 0 0 0 0
#02500 0 0 0 0 0
#02501 0 0 0 0 0
#02502 0 0 0 0 0
#02503 0 0 0 0 0
#02504 0 0 0 0 0
#02505 0 0 0 0 0
#02506 0 0 0 0 0
#02507 0 0 0 0 0
#02508 0 0 0 0 0
#02509 0 0 0 0 0
#02510 0 0 0 0 0
#02511 0 0 0 0 0
#02512 0 0 0 0 0
#02513 0 0 0 0 0
#02514 0 0 0 0 0
#02515 0 0 0 0 0
#02600 0 0 0 0 0
#02601 0 0 0 0 0
#02602 0 0 0 0 0
#02603 0 0 0 0 0
#02604 0 0 0 0 0
#02605 0 0 0 0 0
#02606 0 0 0 0 0
#02607 0 0 0 0 0
#02608 0 0 0 0 0
#02609 0 0 0 0 0
#02610 0 0 0 0 0
#02611 0 0 0 0 0
#02612 0 0 0 0 0
#02613 0 0 0 0 0
#02614 0 0 0 0 0
#02615 0 0 0 0 0
#02700 0 0 0 0 0
#02701 0 0 0 0 0
#02702 0 0 0 0 0
#02703 0 0 0 0 0
#02704 0 0 0 0 0
#02705 0 0 0 0 0
#02706 0 0 0 0 0
#02707 0 0 0 0 0
#02708 0 0 0 0 0
#02709 0 0 0 0 0
#02710 0 0 0 0 0
#02711 0 0 0 0 0
#02712 0 0 0 0 0
#02713 0 0 0 0 0
#02714 0 0 0 0 0
#02715 0 0 0 0 0
#02800 0 0 0 0 0
#02801 0 0 0 0 0
#02802 0 0 0 0 0
#02803 0 0 0 0 0
#02804 0 0 0 0 0
#02805 0 0 0 0 0
#02806 0 0 0 0 0
#02807 0 0 0 0 0
#02808 0 0 0 0 0
#02809 0 0 0 0 0
#02810 0 0 0 0 0
#02811 0 0 0 0 0
#02812 0 0 0 0 0
#02813 0 0 0 0 0
#02814 0 0 0 0 0
#02815 0 0 0 0 0
#02900 0 0 0 0 0
#02901 0 0 0 0 0
#02902 0 0 0 0 0
#02903 0 0 0 0 0
#02904 0 0 0 0 0
#02905 0 0 0 0 0
#02906 0 0 0 0 0
#02907 0 0 0 0 0
#02908 0 0 0 0 0
#02909 0 0 0 0 0
#02910 0 0 0 0 0
#02911 0 0 0 0 0
#02912 0 0 0 0 0
#02913 0 0 0 0 0
#02914 0 0 0 0 0
#02915 0 0 0 0 0
#03000 0 0 0 0 0
#03001 0 0 0 0 0
#03002 0 0 0 0 0
#03003 0 0 0 0 0
#03004 0 0 0 0 0
#03005 0 0 0 0 0
#03006 0 0 0 0 0
#03007 0 0 0 0 0
#03008 0 0 0 0 0
#03009 0 0 0 0 0
#03010 0 0 0 0 0
#03011 0 0 0 0 0
#03012 0 0 0 0 0
#03013 0 0 0 0 0
#03014 0 0 0 0 0
#03015 0 0 0 0 0
#03100 0 0 0 0 0
#03101 0 0 0 0 0
#03102 0 0 0 0 0
#03103 0 0 0 0 0
#03104 0 0 0 0 0
#03105 0 0 0 0 0
#03106 0 0 0 0 0
#03107 0 0 0 0 0
#03108 0 0 0 0 0
#03109 0 0 0 0 0
#03110 0 0 0 0 0
#03111 0 0 0 0 0
#03112 0 0 0 0 0
#03113 0 0 0 0 0
#03114 0 0 0 0 0
#03115 0 0 0 0 0
#03200 0 0 0 0 0
#03201 0 0 0 0 0
#03202 0 0 0 0 0
#03203 0 0 0 0 0
#03204 0 0 0 0 0
#03205 0 0 0 0 0
#03206 0 0 0 0 0
#03207 0 0 0 0 0
#03208 0 0 0 0 0
#03209 0 0 0 0 0
#03210 0 0 0 0 0
#03211 0 0 0 0 0
#03212 0 0 0 0 0
#03213 0 0 0 0 0
#03214 0 0 0 0 0
#03215 0 0 0 0 0
#03300 0 0 0 0 0
#03301 0 0 0 0 0
#03302 0 0 0 0 0
#03303 0 0 0 0 0
#03304 0 0 0 0 0
#03305 0 0 0 0 0
#03306 0 0 0 0 0
#03307 0 0 0 0 0
#03308 0 0 0 0 0
#03309 0 0 0 0 0
#03310 0 0 0 0 0
#03311 0 0 0 0 0
#03312 0 0 0 0 0
#03313 0 0 0 0 0
#03314 0 0 0 0 0
#03315 0 0 0 0 0
#03400 0 0 0 0 0
#03401 0 0 0 0 0
#03402 0 0 0 0 0
#03403 0 0 0 0 0
#03404 0 0 0 0 0
#03405 0 0 0 0 0
#03406 0 0 0 0 0
#03407 0 0 0 0 0
#03408 0 0 0 0 0
#03409 0 0 0 0 0
#03410 0 0 0 0 0
#03411 0 0 0 0 0
#03412 0 0 0 0 0
#03413 0 0 0 0 0
#03414 0 0 0 0 0
#03415 0 0 0 0 0
#03500 0 0 0 0 0
#03501 0 0 0 0 0
#03502 0 0 0 0 0
#03503 0 0 0 0 0
#03504 0 0 0 0 0
#03505 0 0 0 0 0
#03506 0 0 0 0 0
#03507 0 0 0 0 0
#03508 0 0 0 0 0
#03509 0 0 0 0 0
#03510 0 0 0 0 0
#03511 0 0 0 0 0
#03512 0 0 0 0 0
#03513 0 0 0 0 0
#03514 0 0 0 0 0
#03515 0 0 0 0 0
#03600 0 0 0 0 0
#03601 0 0 0 0 0
#03602 0 0 0 0 0
#03603 0 0 0 0 0
#03604 0 0 0 0 0
#03605 0 0 0 0 0
#03606 0 0 0 0 0
#03607 0 0 0 0 0
#03608 0 0 0 0 0
#03609 0 0 0 0 0
#03610 0 0 0 0 0
#03611 0 0 0 0 0
#03612 0 0 0 0 0
#03613 0 0 0 0 0
#03614 0 0 0 0 0
#03615 0 0 0 0 0
#03700 0 0 0 0 0
#03701 0 0 0 0 0
#03702 0 0 0 0 0
#03703 0 0 0 0 0
#03704 0 0 0 0 0
#03705 0 0 0 0 0
#03706 0 0 0 0 0
#03707 0 0 0 0 0
#03708 0 0 0 0 0
#03709 0 0 0 0 0
#03710 0 0 0 0 0
#03711 0 0 0 0 0
#03712 0 0 0 0 0
#03713 0 0 0 0 0
#03714 0 0 0 0 0
#03715 0 0 0 0 0
#03800 0 0 0 0 0
#03801 0 0 0 0 0
#03802 0 0 0 0 0
#03803 0 0 0 0 0
#03804 0 0 0 0 0
#03805 0 0 0 0 0
#03806 0 0 0 0 0
#03807 0 0 0 0 0
#03808 0 0 0 0 0
#03809 0 0 0 0 0
#03810 0 0 0 0 0
#03811 0 0 0 0 0
#03812 0 0 0 0 0
#03813 0 0 0 0 0
#03814 0 0 0 0 0
#03815 0 0 0 0 0
#03900 0 0 0 0 0
#03901 0 0 0 0 0
#03902 0 0 0 0 0
#03903 0 0 0 0 0
#03904 0 0 0 0 0
#03905 0 0 0 0 0
#03906 0 0 0 0 0
#03907 0 0 0 0 0
#03908 0 0 0 0 0
#03909 0 0 0 0 0
#03910 0 0 0 0 0
#03911 0 0 0 0 0
#03912 0 0 0 0 0
#03913 0 0 0 0 0
#03914 0 0 0 0 0
#03915 0 0 0 0 0
#04000 0 0 0 0 0
#04001 0 0 0 0 0
#04002 0 0 0 0 0
#04003 0 0 0 0 0
#04004 0 0 0 0 0
#04005 0 0 0 0 0
#04006 0 0 0 0 0
#04007 0 0 0 0 0
#04008 0 0 0 0 0
#04009 0 0 0 0 0
#04010 0 0 0 0 0
#04011 0 0 0 0 0
#04012 0 0 0 0 0
#04013 0 0 0 0 0
#04014 0 0 0 0 0
#04015 0 0 0 0 0
#04100 0 0 0 0 0
#04101 0 0 0 0 0
#04102 0 0 0 0 0
#04103 0 0 0 0 0
#04104 0 0 0 0 0
#04105 0 0 0 0 0
#04106 0 0 0 0 0
#04107 0 0 0 0 0
#04108 0 0 0 0 0
#04109 0 0 0 0 0
#04110 0 0 0 0 0
#04111 0 0 0 0 0
#04112 0 0 0 0 0
#04113 0 0 0 0 0
#04114 0 0 0 0 0
#04115 0 0 0 0 0
#04200 0 0 0 0 0
#04201 0 0 0 0 0
#04202 0 0 0 0 0
#04203 0 0 0 0 0
#04204 0 0 0 0 0
#04205 0 0 0 0 0
#04206 0 0 0 0 0
#04207 0 0 0 0 0
#04208 0 0 0 0 0
#04209 0 0 0 0 0
#04210 0 0 0 0 0
#04211 0 0 0 0 0
#04212 0 0 0 0 0
#04213 0 0 0 0 0
#04214 0 0 0 0 0
#04215 0 0 0 0 0
#04300 0 0 0 0 0
#04301 0 0 0 0 0
#04302 0 0 0 0 0
#04303 0 0 0 0 0
#04304 0 0 0 0 0
#04305 0 0 0 0 0
#04306 0 0 0 0 0
#04307 0 0 0 0 0
#04308 0 0 0 0 0
#04309 0 0 0 0 0
#04310 0 0 0 0 0
#04311 0 0 0 0 0
#04312 0 0 0 0 0
#04313 0 0 0 0 0
#04314 0 0 0 0 0
#04315 0 0 0 0 0
#04400 0 0 0 0 0
#04401 0 0 0 0 0
#04402 0 0 0 0 0
#04403 0 0 0 0 0
#04404 0 0 0 0 0
#04405 0 0 0 0 0
#04406 0 0 0 0 0
#04407 0 0 0 0 0
#04408 0 0 0 0 0
#04409 0 0 0 0 0
#04410 0 0 0 0 0
#04411 0 0 0 0 0
#04412 0 0 0 0 0
#04413 0 0 0 0 0
#04414 0 0 0 0 0
#04415 0 0 0 0 0
#04500 0 0 0 0 0
#04501 0 0 0 0 0
#04502 0 0 0 0 0
#04503 0 0 0 0 0
#04504 0 0 0 0 0
#04505 0 0 0 0 0
#04506 0 0 0 0 0
#04507 0 0 0 0 0
#04508 0 0 0 0 0
#04509 0 0 0 0 0
#04510 0 0 0 0 0
#04511 0 0 0 0 0
#04512 0 0 0 0 0
#04513 0 0 0 0 0
#04514 0 0 0 0 0
#04515 0 0 0 0 0
#04600 0 0 0 0 0
#04601 0 0 0 0 0
#04602 0 0 0 0 0
#04603 0 0 0 0 0
#04604 0 0 0 0 0
#04605 0 0 0 0 0
#04606 0 0 0 0 0
#04607 0 0 0 0 0
#04608 0 0 0 0 0
#04609 0 0 0 0 0
#04610 0 0 0 0 0
#04611 0 0 0 0 0
#04612 0 0 0 0 0
#04613 0 0 0 0 0
#04614 0 0 0 0 0
#04615 0 0 0 0 0
#04700 0 0 0 0 0
#04701 0 0 0 0 0
#04702 0 0 0 0 0
#04703 0 0 0 0 0
#04704 0 0 0 0 0
#04705 0 0 0 0 0
#04706 0 0 0 0 0
#04707 0 0 0 0 0
#04708 0 0 0 0 0
#04709 0 0 0 0 0
#04710 0 0 0 0 0
#04711 0 0 0 0 0
#04712 0 0 0 0 0
#04713 0 0 0 0 0
#04714 0 0 0 0 0
#04715 0 0 0 0 0
#04800 0 0 0 0 0
#04801 0 0 0 0 0
#04802 0 0 0 0 0
#04803 0 0 0 0 0
#04804 0 0 0 0 0
#04805 0 0 0 0 0
#04806 0 0 0 0 0
#04807 0 0 0 0 0
#04808 0 0 0 0 0
#04809 0 0 0 0 0
#04810 0 0 0 0 0
#04811 0 0 0 0 0
#04812 0 0 0 0 0
#04813 0 0 0 0 0
#04814 0 0 0 0 0
#04815 0 0 0 0 0
#04900 0 0 0 0 0
#04901 0 0 0 0 0
#04902 0 0 0 0 0
#04903 0 0 0 0 0
#04904 0 0 0 0 0
#04905 0 0 0 0 0
#04906 0 0 0 0 0
#04907 0 0 0 0 0
#04908 0 0 0 0 0
#04909 0 0 0 0 0
#04910 0 0 0 0 0
#04911 0 0 0 0 0
#04912 0 0 0 0 0
#04913 0 0 0 0 0
#04914 0 0 0 0 0
#04915 0 0 0 0 0
#05000 0 0 0 0 0
#05001 0 0 0 0 0
#05002 0 0 0 0 0
#05003 0 0 0 0 0
#05004 0 0 0 0 0
#05005 0 0 0 0 0
#05006 0 0 0 0 0
#05007 0 0 0 0 0
#05008 0 0 0 0 0
#05009 0 0 0 0 0
#05010 0 0 0 0 0
#05011 0 0 0 0 0
#05012 0 0 0 0 0
#05013 0 0 0 0 0
#05014 0 0 0 0 0
#05015 0 0 0 0 0
#05100 0 0 0 0 0
#05101 0 0 0 0 0
#05102 0 0 0 0 0
#05103 0 0 0 0 0
#05104 0 0 0 0 0
#05105 0 0 0 0 0
#05106 0 0 0 0 0
#05107 0 0 0 0 0
#05108 0 0 0 0 0
#05109 0 0 0 0 0
#05110 0 0 0 0 0
#05111 0 0 0 0 0
#05112 0 0 0 0 0
#05113 0 0 0 0 0
#05114 0 0 0 0 0
#05115 0 0 0 0 0
#05200 0 0 0 0 0
#05201 0 0 0 0 0
#05202 0 0 0 0 0
#05203 0 0 0 0 0
#05204 0 0 0 0 0
#05205 0 0 0 0 0
#05206 0 0 0 0 0
#05207 0 0 0 0 0
#05208 0 0 0 0 0
#05209 0 0 0 0 0
#05210 0 0 0 0 0
#05211 0 0 0 0 0
#05212 0 0 0 0 0
#05213 0 0 0 0 0
#05214 0 0 0 0 0
#05215 0 0 0 0 0
#05300 0 0 0 0 0
#05301 0 0 0 0 0
#05302 0 0 0 0 0
#05303 0 0 0 0 0
#05304 0 0 0 0 0
#05305 0 0 0 0 0
#05306 0 0 0 0 0
#05307 0 0 0 0 0
#05308 0 0 0 0 0
#05309 0 0 0 0 0
#05310 0 0 0 0 0
#05311 0 0 0 0 0
#05312 0 0 0 0 0
#05313 0 0 0 0 0
#05314 0 0 0 0 0
#05315 0 0 0 0 0
#05400 0 0 0 0 0
#05401 0 0 0 0 0
#05402 0 0 0 0 0
#05403 0 0 0 0 0
#05404 0 0 0 0 0
#05405 0 0 0 0 0
#05406 0 0 0 0 0
#05407 0 0 0 0 0
#05408 0 0 0 0 0
#05409 0 0 0 0 0
#05410 0 0 0 0 0
#05411 0 0 0 0 0
#05412 0 0 0 0 0
#05413 0 0 0 0 0
#05414 0 0 0 0 0
#05415 0 0 0 0 0
#05500 0 0 0 0 0
#05501 0 0 0 0 0
#05502 0 0 0 0 0
#05503 0 0 0 0 0
#05504 0 0 0 0 0
#05505 0 0 0 0 0
#05506 0 0 0 0 0
#05507 0 0 0 0 0
#05508 0 0 0 0 0
#05509 0 0 0 0 0
#05510 0 0 0 0 0
#05511 0 0 0 0 0
#05512 0 0 0 0 0
#05513 0 0 0 0 0
#05514 0 0 0 0 0
#05515 0 0 0 0 0
#05600 0 0 0 0 0
#05601 0 0 0 0 0
#05602 0 0 0 0 0
#05603 0 0 0 0 0
#05604 0 0 0 0 0
#05605 0 0 0 0 0
#05606 0 0 0 0 0
#05607 0 0 0 0 0
#05608 0 0 0 0 0
#05609 0 0 0 0 0
#05610 0 0 0 0 0
#05611 0 0 0 0 0
#05612 0 0 0 0 0
#05613 0 0 0 0 0
#05614 0 0 0 0 0
#05615 0 0 0 0 0
#05700 0 0 0 0 0
#05701 0 0 0 0 0
#05702 0 0 0 0 0
#05703 0 0 0 0 0
#05704 0 0 0 0 0
#05705 0 0 0 0 0
#05706 0 0 0 0 0
#05707 0 0 0 0 0
#05708 0 0 0 0 0
#05709 0 0 0 0 0
#05710 0 0 0 0 0
#05711 0 0 0 0 0
#05712 0 0 0 0 0
#05713 0 0 0 0 0
#05714 0 0 0 0 0
#05715 0 0 0 0 0
#05800 0 0 0 0 0
#05801 0 0 0 0 0
#05802 0 0 0 0 0
#05803 0 0 0 0 0
#05804 0 0 0 0 0
#05805 0 0 0 0 0
#05806 0 0 0 0 0
#05807 0 0 0 0 0
#05808 0 0 0 0 0
#05809 0 0 0 0 0
#05810 0 0 0 0 0
#05811 0 0 0 0 0
#05812 0 0 0 0 0
#05813 0 0 0 0 0
#05814 0 0 0 0 0
#05815 0 0 0 0 0
#05900 0 0 0 0 0
#05901 0 0 0 0 0
#05902 0 0 0 0 0
#05903 0 0 0 0 0
#05904 0 0 0 0 0
#05905 0 0 0 0 0
#05906 0 0 0 0 0
#05907 0 0 0 0 0
#05908 0 0 0 0 0
#05909 0 0 0 0 0
#05910 0 0 0 0 0
#05911 0 0 0 0 0
#05912 0 0 0 0 0
#05913 0 0 0 0 0
#05914 0 0 0 0 0
#05915 0 0 0 0 0
#06000 0 0 0 0 0
#06001 0 0 0 0 0
#06002 0 0 0 0 0
#06003 0 0 0 0 0
#06004 0 0 0 0 0
#06005 0 0 0 0 0
#06006 0 0 0 0 0
#06007 0 0 0 0 0
#06008 0 0 0 0 0
#06009 0 0 0 0 0
#06010 0 0 0 0 0
#06011 0 0 0 0 0
#06012 0 0 0 0 0
#06013 0 0 0 0 0
#06014 0 0 0 0 0
#06015 0 0 0 0 0
#06100 0 0 0 0 0
#06101 0 0 0 0 0
#06102 0 0 0 0 0
#06103 0 0 0 0 0
#06104 0 0 0 0 0
#06105 0 0 0 0 0
#06106 0 0 0 0 0
#06107 0 0 0 0 0
#06108 0 0 0 0 0
#06109 0 0 0 0 0
#06110 0 0 0 0 0
#06111 0 0 0 0 0
#06112 0 0 0 0 0
#06113 0 0 0 0 0
#06114 0 0 0 0 0
#06115 0 0 0 0 0
#06200 0 0 0 0 0
#06201 0 0 0 0 0
#06202 0 0 0 0 0
#06203 0 0 0 0 0
#06204 0 0 0 0 0
#06205 0 0 0 0 0
#06206 0 0 0 0 0
#06207 0 0 0 0 0
#06208 0 0 0 0 0
#06209 0 0 0 0 0
#06210 0 0 0 0 0
#06211 0 0 0 0 0
#06212 0 0 0 0 0
#06213 0 0 0 0 0
#06214 0 0 0 0 0
#06215 0 0 0 0 0
#06300 0 0 0 0 0
#06301 0 0 0 0 0
#06302 0 0 0 0 0
#06303 0 0 0 0 0
#06304 0 0 0 0 0
#06305 0 0 0 0 0
#06306 0 0 0 0 0
#06307 0 0 0 0 0
#06308 0 0 0 0 0
#06309 0 0 0 0 0
#06310 0 0 0 0 0
#06311 0 0 0 0 0
#06312 0 0 0 0 0
#06313 0 0 0 0 0
#06314 0 0 0 0 0
#06315 0 0 0 0 0
#06400 0 0 0 0 0
#06401 0 0 0 0 0
#06402 0 0 0 0 0
#06403 0 0 0 0 0
#06404 0 0 0 0 0
#06405 0 0 0 0 0
#06406 0 0 0 0 0
#06407 0 0 0 0 0
#06408 0 0 0 0 0
#06409 0 0 0 0 0
#06410 0 0 0 0 0
#06411 0 0 0 0 0
#06412 0 0 0 0 0
#06413 0 0 0 0 0
#06414 0 0 0 0 0
#06415 0 0 0 0 0
#06500 0 0 0 0 0
#06501 0 0 0 0 0
#06502 0 0 0 0 0
#06503 0 0 0 0 0
#06504 0 0 0 0 0
#06505 0 0 0 0 0
#06506 0 0 0 0 0
#06507 0 0 0 0 0
#06508 0 0 0 0 0
#06509 0 0 0 0 0
#06510 0 0 0 0 0
#06511 0 0 0 0 0
#06512 0 0 0 0 0
#06513 0 0 0 0 0
#06514 0 0 0 0 0
#06515 0 0 0 0 0
#06600 0 0 0 0 0
#06601 0 0 0 0 0
#06602 0 0 0 0 0
#06603 0 0 0 0 0
#06604 0 0 0 0 0
#06605 0 0 0 0 0
#06606 0 0 0 0 0
#06607 0 0 0 0 0
#06608 0 0 0 0 0
#06609 0 0 0 0 0
#06610 0 0 0 0 0
#06611 0 0 0 0 0
#06612 0 0 0 0 0
#06613 0 0 0 0 0
#06614 0 0 0 0 0
#06615 0 0 0 0 0
#06700 0 0 0 0 0
#06701 0 0 0 0 0
#06702 0 0 0 0 0
#06703 0 0 0 0 0
#06704 0 0 0 0 0
#06705 0 0 0 0 0
#06706 0 0 0 0 0
#06707 0 0 0 0 0
#06708 0 0 0 0 0
#06709 0 0 0 0 0
#06710 0 0 0 0 0
#06711 0 0 0 0 0
#06712 0 0 0 0 0
#06713 0 0 0 0 0
#06714 0 0 0 0 0
#06715 0 0 0 0 0
#06800 0 0 0 0 0
#06801 0 0 0 0 0
#06802 0 0 0 0 0
#06803 0 0 0 0 0
#06804 0 0 0 0 0
#06805 0 0 0 0 0
#06806 0 0 0 0 0
#06807 0 0 0 0 0
#06808 0 0 0 0 0
#06809 0 0 0 0 0
#06810 0 0 0 0 0
#06811 0 0 0 0 0
#06812 0 0 0 0 0
#06813 0 0 0 0 0
#06814 0 0 0 0 0
#06815 0 0 0 0 0
#06900 0 0 0 0 0
#06901 0 0 0 0 0
#06902 0 0 0 0 0
#06903 0 0 0 0 0
#06904 0 0 0 0 0
#06905 0 0 0 0 0
#06906 0 0 0 0 0
#06907 0 0 0 0 0
#06908 0 0 0 0 0
#06909 0 0 0 0 0
#06910 0 0 0 0 0
#06911 0 0 0 0 0
#06912 0 0 0 0 0
#06913 0 0 0 0 0
#06914 0 0 0 0 0
#06915 0 0 0 0 0
#07000 0 0 0 0 0
#07001 0 0 0 0 0
#07002 0 0 0 0 0
#07003 0 0 0 0 0
#07004 0 0 0 0 0
#07005 0 0 0 0 0
#07006 0 0 0 0 0
#07007 0 0 0 0 0
#07008 0 0 0 0 0
#07009 0 0 0 0 0
#07010 0 0 0 0 0
#07011 0 0 0 0 0
#07012 0 0 0 0 0
#07013 0 0 0 0 0
#07014 0 0 0 0 0
#07015 0 0 0 0 0
#07100 0 0 0 0 0
#07101 0 0 0 0 0
#07102 0 0 0 0 0
#07103 0 0 0 0 0
#07104 0 0 0 0 0
#07105 0 0 0 0 0
#07106 0 0 0 0 0
#07107 0 0 0 0 0
#07108 0 0 0 0 0
#07109 0 0 0 0 0
#07110 0 0 0 0 0
#07111 0 0 0 0 0
#07112 0 0 0 0 0
#07113 0 0 0 0 0
#07114 0 0 0 0 0
#07115 0 0 0 0 0
#07200 0 0 0 0 0
#07201 0 0 0 0 0
#07202 0 0 0 0 0
#07203 0 0 0 0 0
#07204 0 0 0 0 0
#07205 0 0 0 0 0
#07206 0 0 0 0 0
#07207 0 0 0 0 0
#07208 0 0 0 0 0
#07209 0 0 0 0 0
#07210 0 0 0 0 0
#07211 0 0 0 0 0
#07212 0 0 0 0 0
#07213 0 0 0 0 0
#07214 0 0 0 0 0
#07215 0 0 0 0 0
#07300 0 0 0 0 0
#07301 0 0 0 0 0
#07302 0 0 0 0 0
#07303 0 0 0 0 0
#07304 0 0 0 0 0
#07305 0 0 0 0 0
#07306 0 0 0 0 0
#07307 0 0 0 0 0
#07308 0 0 0 0 0
#07309 0 0 0 0 0
#07310 0 0 0 0 0
#07311 0 0 0 0 0
#07312 0 0 0 0 0
#07313 0 0 0 0 0
#07314 0 0 0 0 0
#07315 0 0 0 0 0
#07400 0 0 0 0 0
#07401 0 0 0 0 0
#07402 0 0 0 0 0
#07403 0 0 0 0 0
#07404 0 0 0 0 0
#07405 0 0 0 0 0
#07406 0 0 0 0 0
#07407 0 0 0 0 0
#07408 0 0 0 0 0
#07409 0 0 0 0 0
#07410 0 0 0 0 0
#07411 0 0 0 0 0
#07412 0 0 0 0 0
#07413 0 0 0 0 0
#07414 0 0 0 0 0
#07415 0 0 0 0 0
#07500 0 0 0 0 0
#07501 0 0 0 0 0
#07502 0 0 0 0 0
#07503 0 0 0 0 0
#07504 0 0 0 0 0
#07505 0 0 0 0 0
#07506 0 0 0 0 0
#07507 0 0 0 0 0
#07508 0 0 0 0 0
#07509 0 0 0 0 0
#07510 0 0 0 0 0
#07511 0 0 0 0 0
#07512 0 0 0 0 0
#07513 0 0 0 0 0
#07514 0 0 0 0 0
#07515 0 0 0 0 0
#07600 0 0 0 0 0
#07601 0 0 0 0 0
#07602 0 0 0 0 0
#07603 0 0 0 0 0
#07604 0 0 0 0 0
#07605 0 0 0 0 0
#07606 0 0 0 0 0
#07607 0 0 0 0 0
#07608 0 0 0 0 0
#07609 0 0 0 0 0
#07610 0 0 0 0 0
#07611 0 0 0 0 0
#07612 0 0 0 0 0
#07613 0 0 0 0 0
#07614 0 0 0 0 0
#07615 0 0 0 0 0
#07700 0 0 0 0 0
#07701 0 0 0 0 0
#07702 0 0 0 0 0
#07703 0 0 0 0 0
#07704 0 0 0 0 0
#07705 0 0 0 0 0
#07706 0 0 0 0 0
#07707 0 0 0 0 0
#07708 0 0 0 0 0
#07709 0 0 0 0 0
#07710 0 0 0 0 0
#07711 0 0 0 0 0
#07712 0 0 0 0 0
#07713 0 0 0 0 0
#07714 0 0 0 0 0
#07715 0 0 0 0 0
#07800 0 0 0 0 0
#07801 0 0 0 0 0
#07802 0 0 0 0 0
#07803 0 0 0 0 0
#07804 0 0 0 0 0
#07805 0 0 0 0 0
#07806 0 0 0 0 0
#07807 0 0 0 0 0
#07808 0 0 0 0 0
#07809 0 0 0 0 0
#07810 0 0 0 0 0
#07811 0 0 0 0 0
#07812 0 0 0 0 0
#07813 0 0 0 0 0
#07814 0 0 0 0 0
#07815 0 0 0 0 0
#07900 0 0 0 0 0
#07901 0 0 0 0 0
#07902 0 0 0 0 0
#07903 0 0 0 0 0
#07904 0 0 0 0 0
#07905 0 0 0 0 0
#07906 0 0 0 0 0
#07907 0 0 0 0 0
#07908 0 0 0 0 0
#07909 0 0 0 0 0
#07910 0 0 0 0 0
#07911 0 0 0 0 0
#07912 0 0 0 0 0
#07913 0 0 0 0 0
#07914 0 0 0 0 0
#07915 0 0 0 0 0
#08000 0 0 0 0 0
#08001 0 0 0 0 0
#08002 0 0 0 0 0
#08003 0 0 0 0 0
#08004 0 0 0 0 0
#08005 0 0 0 0 0
#08006 0 0 0 0 0
#08007 0 0 0 0 0
#08008 0 0 0 0 0
#08009 0 0 0 0 0
#08010 0 0 0 0 0
#08011 0 0 0 0 0
#08012 0 0 0 0 0
#08013 0 0 0 0 0
#08014 0 0 0 0 0
#08015 0 0 0 0 0
#08100 0 0 0 0 0
#08101 0 0 0 0 0
#08102 0 0 0 0 0
#08103 0 0 0 0 0
#08104 0 0 0 0 0
#08105 0 0 0 0 0
#08106 0 0 0 0 0
#08107 0 0 0 0 0
#08108 0 0 0 0 0
#08109 0 0 0 0 0
#08110 0 0 0 0 0
#08111 0 0 0 0 0
#08112 0 0 0 0 0
#08113 0 0 0 0 0
#08114 0 0 0 0 0
#08115 0 0 0 0 0
#08200 0 0 0 0 0
#08201 0 0 0 0 0
#08202 0 0 0 0 0
#08203 0 0 0 0 0
#08204 0 0 0 0 0
#08205 0 0 0 0 0
#08206 0 0 0 0 0
#08207 0 0 0 0 0
#08208 0 0 0 0 0
#08209 0 0 0 0 0
#08210 0 0 0 0 0
#08211 0 0 0 0 0
#08212 0 0 0 0 0
#08213 0 0 0 0 0
#08214 0 0 0 0 0
#08215 0 0 0 0 0
#08300 0 0 0 0 0
#08301 0 0 0 0 0
#08302 0 0 0 0 0
#08303 0 0 0 0 0
#08304 0 0 0 0 0
#08305 0 0 0 0 0
#08306 0 0 0 0 0
#08307 0 0 0 0 0
#08308 0 0 0 0 0
#08309 0 0 0 0 0
#08310 0 0 0 0 0
#08311 0 0 0 0 0
#08312 0 0 0 0 0
#08313 0 0 0 0 0
#08314 0 0 0 0 0
#08315 0 0 0 0 0
#08400 0 0 0 0 0
#08401 0 0 0 0 0
#08402 0 0 0 0 0
#08403 0 0 0 0 0
#08404 0 0 0 0 0
#08405 0 0 0 0 0
#08406 0 0 0 0 0
#08407 0 0 0 0 0
#08408 0 0 0 0 0
#08409 0 0 0 0 0
#08410 0 0 0 0 0
#08411 0 0 0 0 0
#08412 0 0 0 0 0
#08413 0 0 0 0 0
#08414 0 0 0 0 0
#08415 0 0 0 0 0
#08500 0 0 0 0 0
#08501 0 0 0 0 0
#08502 0 0 0 0 0
#08503 0 0 0 0 0
#08504 0 0 0 0 0
#08505 0 0 0 0 0
#08506 0 0 0 0 0
#08507 0 0 0 0 0
#08508 0 0 0 0 0
#08509 0 0 0 0 0
#08510 0 0 0 0 0
#08511 0 0 0 0 0
#08512 0 0 0 0 0
#08513 0 0 0 0 0
#08514 0 0 0 0 0
#08515 0 0 0 0 0
#08600 0 0 0 0 0
#08601 0 0 0 0 0
#08602 0 0 0 0 0
#08603 0 0 0 0 0
#08604 0 0 0 0 0
#08605 0 0 0 0 0
#08606 0 0 0 0 0
#08607 0 0 0 0 0
#08608 0 0 0 0 0
#08609 0 0 0 0 0
#08610 0 0 0 0 0
#08611 0 0 0 0 0
#08612 0 0 0 0 0
#08613 0 0 0 0 0
#08614 0 0 0 0 0
#08615 0 0 0 0 0
#08700 0 0 0 0 0
#08701 0 0 0 0 0
#08702 0 0 0 0 0
#08703 0 0 0 0 0
#08704 0 0 0 0 0
#08705 0 0 0 0 0
#08706 0 0 0 0 0
#08707 0 0 0 0 0
#08708 0 0 0 0 0
#08709 0 0 0 0 0
#08710 0 0 0 0 0
#08711 0 0 0 0 0
#08712 0 0 0 0 0
#08713 0 0 0 0 0
#08714 0 0 0 0 0
#08715 0 0 0 0 0
#08800 0 0 0 0 0
#08801 0 0 0 0 0
#08802 0 0 0 0 0
#08803 0 0 0 0 0
#08804 0 0 0 0 0
#08805 0 0 0 0 0
#08806 0 0 0 0 0
#08807 0 0 0 0 0
#08808 0 0 0 0 0
#08809 0 0 0 0 0
#08810 0 0 0 0 0
#08811 0 0 0 0 0
#08812 0 0 0 0 0
#08813 0 0 0 0 0
#08814 0 0 0 0 0
#08815 0 0 0 0 0
#08900 0 0 0 0 0
#08901 0 0 0 0 0
#08902 0 0 0 0 0
#08903 0 0 0 0 0
#08904 0 0 0 0 0
#08905 0 0 0 0 0
#08906 0 0 0 0 0
#08907 0 0 0 0 0
#08908 0 0 0 0 0
#08909 0 0 0 0 0
#08910 0 0 0 0 0
#08911 0 0 0 0 0
#08912 0 0 0 0 0
#08913 0 0 0 0 0
#08914 0 0 0 0 0
#08915 0 0 0 0 0
#09000 0 0 0 0 0
#09001 0 0 0 0 0
#09002 0 0 0 0 0
#09003 0 0 0 0 0
#09004 0 0 0 0 0
#09005 0 0 0 0 0
#09006 0 0 0 0 0
#09007 0 0 0 0 0
#09008 0 0 0 0 0
#09009 0 0 0 0 0
#09010 0 0 0 0 0
#09011 0 0 0 0 0
#09012 0 0 0 0 0
#09013 0 0 0 0 0
#09014 0 0 0 0 0
#09015 0 0 0 0 0
#09100 0 0 0 0 0
#09101 0 0 0 0 0
#09102 0 0 0 0 0
#09103 0 0 0 0 0
#09104 0 0 0 0 0
#09105 0 0 0 0 0
#09106 0 0 0 0 0
#09107 0 0 0 0 0
#09108 0 0 0 0 0
#09109 0 0 0 0 0
#09110 0 0 0 0 0
#09111 0 0 0 0 0
#09112 0 0 0 0 0
#09113 0 0 0 0 0
#09114 0 0 0 0 0
#09115 0 0 0 0 0
#09200 0 0 0 0 0
#09201 0 0 0 0 0
#09202 0 0 0 0 0
#09203 0 0 0 0 0
#09204 0 0 0 0 0
#09205 0 0 0 0 0
#09206 0 0 0 0 0
#09207 0 0 0 0 0
#09208 0 0 0 0 0
#09209 0 0 0 0 0
#09210 0 0 0 0 0
#09211 0 0 0 0 0
#09212 0 0 0 0 0
#09213 0 0 0 0 0
#09214 0 0 0 0 0
#09215 0 0 0 0 0
#09300 0 0 0 0 0
#09301 0 0 0 0 0
#09302 0 0 0 0 0
#09303 0 0 0 0 0
#09304 0 0 0 0 0
#09305 0 0 0 0 0
#09306 0 0 0 0 0
#09307 0 0 0 0 0
#09308 0 0 0 0 0
#09309 0 0 0 0 0
#09310 0 0 0 0 0
#09311 0 0 0 0 0
#09312 0 0 0 0 0
#09313 0 0 0 0 0
#09314 0 0 0 0 0
#09315 0 0 0 0 0
#09400 0 0 0 0 0
#09401 0 0 0 0 0
#09402 0 0 0 0 0
#09403 0 0 0 0 0
#09404 0 0 0 0 0
#09405 0 0 0 0 0
#09406 0 0 0 0 0
#09407 0 0 0 0 0
#09408 0 0 0 0 0
#09409 0 0 0 0 0
#09410 0 0 0 0 0
#09411 0 0 0 0 0
#09412 0 0 0 0 0
#09413 0 0 0 0 0
#09414 0 0 0 0 0
#09415 0 0 0 0 0
#09500 0 0 0 0 0
#09501 0 0 0 0 0
#09502 0 0 0 0 0
#09503 0 0 0 0 0
#09504 0 0 0 0 0
#09505 0 0 0 0 0
#09506 0 0 0 0 0
#09507 0 0 0 0 0
#09508 0 0 0 0 0
#09509 0 0 0 0 0
#09510 0 0 0 0 0
#09511 0 0 0 0 0
#09512 0 0 0 0 0
#09513 0 0 0 0 0
#09514 0 0 0 0 0
#09515 0 0 0 0 0
#09600 0 0 0 0 0
#09601 0 0 0 0 0
#09602 0 0 0 0 0
#09603 0 0 0 0 0
#09604 0 0 0 0 0
#09605 0 0 0 0 0
#09606 0 0 0 0 0
#09607 0 0 0 0 0
#09608 0 0 0 0 0
#09609 0 0 0 0 0
#09610 0 0 0 0 0
#09611 0 0 0 0 0
#09612 0 0 0 0 0
#09613 0 0 0 0 0
#09614 0 0 0 0 0
#09615 0 0 0 0 0
#09700 0 0 0 0 0
#09701 0 0 0 0 0
#09702 0 0 0 0 0
#09703 0 0 0 0 0
#09704 0 0 0 0 0
#09705 0 0 0 0 0
#09706 0 0 0 0 0
#09707 0 0 0 0 0
#09708 0 0 0 0 0
#09709 0 0 0 0 0
#09710 0 0 0 0 0
#09711 0 0 0 0 0
#09712 0 0 0 0 0
#09713 0 0 0 0 0
#09714 0 0 0 0 0
#09715 0 0 0 0 0
#09800 0 0 0 0 0
#09801 0 0 0 0 0
#09802 0 0 0 0 0
#09803 0 0 0 0 0
#09804 0 0 0 0 0
#09805 0 0 0 0 0
#09806 0 0 0 0 0
#09807 0 0 0 0 0
#09808 0 0 0 0 0
#09809 0 0 0 0 0
#09810 0 0 0 0 0
#09811 0 0 0 0 0
#09812 0 0 0 0 0
#09813 0 0 0 0 0
#09814 0 0 0 0 0
#09815 0 0 0 0 0
#09900 0 0 0 0 0
#09901 0 0 0 0 0
#09902 0 0 0 0 0
#09903 0 0 0 0 0
#09904 0 0 0 0 0
#09905 0 0 0 0 0
#09906 0 0 0 0 0
#09907 0 0 0 0 0
#09908 0 0 0 0 0
#09909 0 0 0 0 0
#09910 0 0 0 0 0
#09911 0 0 0 0 0
#09912 0 0 0 0 0
#09913 0 0 0 0 0
#09914 0 0 0 0 0
#09915 0 0 0 0 0
#10000 0 0 0 0 0
#10001 0 0 0 0 0
#10002 0 0 0 0 0
#10003 0 0 0 0 0
#10004 0 0 0 0 0
#10005 0 0 0 0 0
#10006 0 0 0 0 0
#10007 0 0 0 0 0
#10008 0 0 0 0 0
#10009 0 0 0 0 0
#10010 0 0 0 0 0
#10011 0 0 0 0 0
#10012 0 0 0 0 0
#10013 0 0 0 0 0
#10014 0 0 0 0 0
#10015 0 0 0 0 0
#10100 0 0 0 0 0
#10101 0 0 0 0 0
#10102 0 0 0 0 0
#10103 0 0 0 0 0
#10104 0 0 0 0 0
#10105 0 0 0 0 0
#10106 0 0 0 0 0
#10107 0 0 0 0 0
#10108 0 0 0 0 0
#10109 0 0 0 0 0
#10110 0 0 0 0 0
#10111 0 0 0 0 0
#10112 0 0 0 0 0
#10113 0 0 0 0 0
#10114 0 0 0 0 0
#10115 0 0 0 0 0
#10200 0 0 0 0 0
#10201 0 0 0 0 0
#10202 0 0 0 0 0
#10203 0 0 0 0 0
#10204 0 0 0 0 0
#10205 0 0 0 0 0
#10206 0 0 0 0 0
#10207 0 0 0 0 0
#10208 0 0 0 0 0
#10209 0 0 0 0 0
#10210 0 0 0 0 0
#10211 0 0 0 0 0
#10212 0 0 0 0 0
#10213 0 0 0 0 0
#10214 0 0 0 0 0
#10215 0 0 0 0 0
#10300 0 0 0 0 0
#10301 0 0 0 0 0
#10302 0 0 0 0 0
#10303 0 0 0 0 0
#10304 0 0 0 0 0
#10305 0 0 0 0 0
#10306 0 0 0 0 0
#10307 0 0 0 0 0
#10308 0 0 0 0 0
#10309 0 0 0 0 0
#10310 0 0 0 0 0
#10311 0 0 0 0 0
#10312 0 0 0 0 0
#10313 0 0 0 0 0
#10314 0 0 0 0 0
#10315 0 0 0 0 0
#10400 0 0 0 0 0
#10401 0 0 0 0 0
#10402 0 0 0 0 0
#10403 0 0 0 0 0
#10404 0 0 0 0 0
#10405 0 0 0 0 0
#10406 0 0 0 0 0
#10407 0 0 0 0 0
#10408 0 0 0 0 0
#10409 0 0 0 0 0
#10410 0 0 0 0 0
#10411 0 0 0 0 0
#10412 0 0 0 0 0
#10413 0 0 0 0 0
#10414 0 0 0 0 0
#10415 0 0 0 0 0
#10500 0 0 0 0 0
#10501 0 0 0 0 0
#10502 0 0 0 0 0
#10503 0 0 0 0 0
#10504 0 0 0 0 0
#10505 0 0 0 0 0
#10506 0 0 0 0 0
#10507 0 0 0 0 0
#10508 0 0 0 0 0
#10509 0 0 0 0 0
#10510 0 0 0 0 0
#10511 0 0 0 0 0
#10512 0 0 0 0 0
#10513 0 0 0 0 0
#10514 0 0 0 0 0
#10515 0 0 0 0 0
#10600 0 0 0 0 0
#10601 0 0 0 0 0
#10602 0 0 0 0 0
#10603 0 0 0 0 0
#10604 0 0 0 0 0
#10605 0 0 0 0 0
#10606 0 0 0 0 0
#10607 0 0 0 0 0
#10608 0 0 0 0 0
#10609 0 0 0 0 0
#10610 0 0 0 0 0
#10611 0 0 0 0 0
#10612 0 0 0 0 0
#10613 0 0 0 0 0
#10614 0 0 0 0 0
#10615 0 0 0 0 0
#10700 0 0 0 0 0
#10701 0 0 0 0 0
#10702 0 0 0 0 0
#10703 0 0 0 0 0
#10704 0 0 0 0 0
#10705 0 0 0 0 0
#10706 0 0 0 0 0
#10707 0 0 0 0 0
#10708 0 0 0 0 0
#10709 0 0 0 0 0
#10710 0 0 0 0 0
#10711 0 0 0 0 0
#10712 0 0 0 0 0
#10713 0 0 0 0 0
#10714 0 0 0 0 0
#10715 0 0 0 0 0
#10800 0 0 0 0 0
#10801 0 0 0 0 0
#10802 0 0 0 0 0
#10803 0 0 0 0 0
#10804 0 0 0 0 0
#10805 0 0 0 0 0
#10806 0 0 0 0 0
#10807 0 0 0 0 0
#10808 0 0 0 0 0
#10809 0 0 0 0 0
#10810 0 0 0 0 0
#10811 0 0 0 0 0
#10812 0 0 0 0 0
#10813 0 0 0 0 0
#10814 0 0 0 0 0
#10815 0 0 0 0 0
#10900 0 0 0 0 0
#10901 0 0 0 0 0
#10902 0 0 0 0 0
#10903 0 0 0 0 0
#10904 0 0 0 0 0
#10905 0 0 0 0 0
#10906 0 0 0 0 0
#10907 0 0 0 0 0
#10908 0 0 0 0 0
#10909 0 0 0 0 0
#10910 0 0 0 0 0
#10911 0 0 0 0 0
#10912 0 0 0 0 0
#10913 0 0 0 0 0
#10914 0 0 0 0 0
#10915 0 0 0 0 0
#11000 0 0 0 0 0
#11001 0 0 0 0 0
#11002 0 0 0 0 0
#11003 0 0 0 0 0
#11004 0 0 0 0 0
#11005 0 0 0 0 0
#11006 0 0 0 0 0
#11007 0 0 0 0 0
#11008 0 0 0 0 0
#11009 0 0 0 0 0
#11010 0 0 0 0 0
#11011 0 0 0 0 0
#11012 0 0 0 0 0
#11013 0 0 0 0 0
#11014 0 0 0 0 0
#11015 0 0 0 0 0
#11100 0 0 0 0 0
#11101 0 0 0 0 0
#11102 0 0 0 0 0
#11103 0 0 0 0 0
#11104 0 0 0 0 0
#11105 0 0 0 0 0
#11106 0 0 0 0 0
#11107 0 0 0 0 0
#11108 0 0 0 0 0
#11109 0 0 0 0 0
#11110 0 0 0 0 0
#11111 0 0 0 0 0
#11112 0 0 0 0 0
#11113 0 0 0 0 0
#11114 0 0 0 0 0
#11115 0 0 0 0 0
#11200 0 0 0 0 0
#11201 0 0 0 0 0
#11202 0 0 0 0 0
#11203 0 0 0 0 0
#11204 0 0 0 0 0
#11205 0 0 0 0 0
#11206 0 0 0 0 0
#11207 0 0 0 0 0
#11208 0 0 0 0 0
#11209 0 0 0 0 0
#11210 0 0 0 0 0
#11211 0 0 0 0 0
#11212 0 0 0 0 0
#11213 0 0 0 0 0
#11214 0 0 0 0 0
#11215 0 0 0 0 0
#11300 0 0 0 0 0
#11301 0 0 0 0 0
#11302 0 0 0 0 0
#11303 0 0 0 0 0
#11304 0 0 0 0 0
#11305 0 0 0 0 0
#11306 0 0 0 0 0
#11307 0 0 0 0 0
#11308 0 0 0 0 0
#11309 0 0 0 0 0
#11310 0 0 0 0 0
#11311 0 0 0 0 0
#11312 0 0 0 0 0
#11313 0 0 0 0 0
#11314 0 0 0 0 0
#11315 0 0 0 0 0
#11400 0 0 0 0 0
#11401 0 0 0 0 0
#11402 0 0 0 0 0
#11403 0 0 0 0 0
#11404 0 0 0 0 0
#11405 0 0 0 0 0
#11406 0 0 0 0 0
#11407 0 0 0 0 0
#11408 0 0 0 0 0
#11409 0 0 0 0 0
#11410 0 0 0 0 0
#11411 0 0 0 0 0
#11412 0 0 0 0 0
#11413 0 0 0 0 0
#11414 0 0 0 0 0
#11415 0 0 0 0 0
#11500 0 0 0 0 0
#11501 0 0 0 0 0
#11502 0 0 0 0 0
#11503 0 0 0 0 0
#11504 0 0 0 0 0
#11505 0 0 0 0 0
#11506 0 0 0 0 0
#11507 0 0 0 0 0
#11508 0 0 0 0 0
#11509 0 0 0 0 0
#11510 0 0 0 0 0
#11511 0 0 0 0 0
#11512 0 0 0 0 0
#11513 0 0 0 0 0
#11514 0 0 0 0 0
#11515 0 0 0 0 0
#11600 0 0 0 0 0
#11601 0 0 0 0 0
#11602 0 0 0 0 0
#11603 0 0 0 0 0
#11604 0 0 0 0 0
#11605 0 0 0 0 0
#11606 0 0 0 0 0
#11607 0 0 0 0 0
#11608 0 0 0 0 0
#11609 0 0 0 0 0
#11610 0 0 0 0 0
#11611 0 0 0 0 0
#11612 0 0 0 0 0
#11613 0 0 0 0 0
#11614 0 0 0 0 0
#11615 0 0 0 0 0
#11700 0 0 0 0 0
#11701 0 0 0 0 0
#11702 0 0 0 0 0
#11703 0 0 0 0 0
#11704 0 0 0 0 0
#11705 0 0 0 0 0
#11706 0 0 0 0 0
#11707 0 0 0 0 0
#11708 0 0 0 0 0
#11709 0 0 0 0 0
#11710 0 0 0 0 0
#11711 0 0 0 0 0
#11712 0 0 0 0 0
#11713 0 0 0 0 0
#11714 0 0 0 0 0
#11715 0 0 0 0 0
#11800 0 0 0 0 0
#11801 0 0 0 0 0
#11802 0 0 0 0 0
#11803 0 0 0 0 0
#11804 0 0 0 0 0
#11805 0 0 0 0 0
#11806 0 0 0 0 0
#11807 0 0 0 0 0
#11808 0 0 0 0 0
#11809 0 0 0 0 0
#11810 0 0 0 0 0
#11811 0 0 0 0 0
#11812 0 0 0 0 0
#11813 0 0 0 0 0
#11814 0 0 0 0 0
#11815 0 0 0 0 0
#11900 0 0 0 0 0
#11901 0 0 0 0 0
#11902 0 0 0 0 0
#11903 0 0 0 0 0
#11904 0 0 0 0 0
#11905 0 0 0 0 0
#11906 0 0 0 0 0
#11907 0 0 0 0 0
#11908 0 0 0 0 0
#11909 0 0 0 0 0
#11910 0 0 0 0 0
#11911 0 0 0 0 0
#11912 0 0 0 0 0
#11913 0 0 0 0 0
#11914 0 0 0 0 0
#11915 0 0 0 0 0
#12000 0 0 0 0 0
#12001 0 0 0 0 0
#12002 0 0 0 0 0
#12003 0 0 0 0 0
#12004 0 0 0 0 0
#12005 0 0 0 0 0
#12006 0 0 0 0 0
#12007 0 0 0 0 0
#12008 0 0 0 0 0
#12009 0 0 0 0 0
#12010 0 0 0 0 0
#12011 0 0 0 0 0
#12012 0 0 0 0 0
#12013 0 0 0 0 0
#12014 0 0 0 0 0
#12015 0 0 0 0 0
#12100 0 0 0 0 0
#12101 0 0 0 0 0
#12102 0 0 0 0 0
#12103 0 0 0 0 0
#12104 0 0 0 0 0
#12105 0 0 0 0 0
#12106 0 0 0 0 0
#12107 0 0 0 0 0
#12108 0 0 0 0 0
#12109 0 0 0 0 0
#12110 0 0 0 0 0
#12111 0 0 0 0 0
#12112 0 0 0 0 0
#12113 0 0 0 0 0
#12114 0 0 0 0 0
#12115 0 0 0 0 0
#12200 0 0 0 0 0
#12201 0 0 0 0 0
#12202 0 0 0 0 0
#12203 0 0 0 0 0
#12204 0 0 0 0 0
#12205 0 0 0 0 0
#12206 0 0 0 0 0
#12207 0 0 0 0 0
#12208 0 0 0 0 0
#12209 0 0 0 0 0
#12210 0 0 0 0 0
#12211 0 0 0 0 0
#12212 0 0 0 0 0
#12213 0 0 0 0 0
#12214 0 0 0 0 0
#12215 0 0 0 0 0
#12300 0 0 0 0 0
#12301 0 0 0 0 0
#12302 0 0 0 0 0
#12303 0 0 0 0 0
#12304 0 0 0 0 0
#12305 0 0 0 0 0
#12306 0 0 0 0 0
#12307 0 0 0 0 0
#12308 0 0 0 0 0
#12309 0 0 0 0 0
#12310 0 0 0 0 0
#12311 0 0 0 0 0
#12312 0 0 0 0 0
#12313 0 0 0 0 0
#12314 0 0 0 0 0
#12315 0 0 0 0 0
#12400 0 0 0 0 0
#12401 0 0 0 0 0
#12402 0 0 0 0 0
#12403 0 0 0 0 0
#12404 0 0 0 0 0
#12405 0 0 0 0 0
#12406 0 0 0 0 0
#12407 0 0 0 0 0
#12408 0 0 0 0 0
#12409 0 0 0 0 0
#12410 0 0 0 0 0
#12411 0 0 0 0 0
#12412 0 0 0 0 0
#12413 0 0 0 0 0
#12414 0 0 0 0 0
#12415 0 0 0 0 0
#12500 0 0 0 0 0
#12501 0 0 0 0 0
#12502 0 0 0 0 0
#12503 0 0 0 0 0
#12504 0 0 0 0 0
#12505 0 0 0 0 0
#12506 0 0 0 0 0
#12507 0 0 0 0 0
#12508 0 0 0 0 0
#12509 0 0 0 0 0
#12510 0 0 0 0 0
#12511 0 0 0 0 0
#12512 0 0 0 0 0
#12513 0 0 0 0 0
#12514 0 0 0 0 0
#12515 0 0 0 0 0
#12600 0 0 0 0 0
#12601 0 0 0 0 0
#12602 0 0 0 0 0
#12603 0 0 0 0 0
#12604 0 0 0 0 0
#12605 0 0 0 0 0
#12606 0 0 0 0 0
#12607 0 0 0 0 0
#12608 0 0 0 0 0
#12609 0 0 0 0 0
#12610 0 0 0 0 0
#12611 0 0 0 0 0
#12612 0 0 0 0 0
#12613 0 0 0 0 0
#12614 0 0 0 0 0
#12615 0 0 0 0 0
#12700 0 0 0 0 0
#12701 0 0 0 0 0
#12702 0 0 0 0 0
#12703 0 0 0 0 0
#12704 0 0 0 0 0
#12705 0 0 0 0 0
#12706 0 0 0 0 0
#12707 0 0 0 0 0
#12708 0 0 0 0 0
#12709 0 0 0 0 0
#12710 0 0 0 0 0
#12711 0 0 0 0 0
#12712 0 0 0 0 0
#12713 0 0 0 0 0
#12714 0 0 0 0 0
#12715 0 0 0 0 0
#12800 0 0 0 0 0
#12801 0 0 0 0 0
#12802 0 0 0 0 0
#12803 0 0 0 0 0
#12804 0 0 0 0 0
#12805 0 0 0 0 0
#12806 0 0 0 0 0
#12807 0 0 0 0 0
#12808 0 0 0 0 0
#12809 0 0 0 0 0
#12810 0 0 0 0 0
#12811 0 0 0 0 0
#12812 0 0 0 0 0
#12813 0 0 0 0 0
#12814 0 0 0 0 0
#12815 0 0 0 0 0
#12900 0 0 0 0 0
#12901 0 0 0 0 0
#12902 0 0 0 0 0
#12903 0 0 0 0 0
#12904 0 0 0 0 0
#12905 0 0 0 0 0
#12906 0 0 0 0 0
#12907 0 0 0 0 0
#12908 0 0 0 0 0
#12909 0 0 0 0 0
#12910 0 0 0 0 0
#12911 0 0 0 0 0
#12912 0 0 0 0 0
#12913 0 0 0 0 0
#12914 0 0 0 0 0
#12915 0 0 0 0 0
#13000 0 0 0 0 0
#13001 0 0 0 0 0
#13002 0 0 0 0 0
#13003 0 0 0 0 0
#13004 0 0 0 0 0
#13005 0 0 0 0 0
#13006 0 0 0 0 0
#13007 0 0 0 0 0
#13008 0 0 0 0 0
#13009 0 0 0 0 0
#13010 0 0 0 0 0
#13011 0 0 0 0 0
#13012 0 0 0 0 0
#13013 0 0 0 0 0
#13014 0 0 0 0 0
#13015 0 0 0 0 0
#13100 0 0 0 0 0
#13101 0 0 0 0 0
#13102 0 0 0 0 0
#13103 0 0 0 0 0
#13104 0 0 0 0 0
#13105 0 0 0 0 0
#13106 0 0 0 0 0
#13107 0 0 0 0 0
#13108 0 0 0 0 0
#13109 0 0 0 0 0
#13110 0 0 0 0 0
#13111 0 0 0 0 0
#13112 0 0 0 0 0
#13113 0 0 0 0 0
#13114 0 0 0 0 0
#13115 0 0 0 0 0
#13200 0 0 0 0 0
#13201 0 0 0 0 0
#13202 0 0 0 0 0
#13203 0 0 0 0 0
#13204 0 0 0 0 0
#13205 0 0 0 0 0
#13206 0 0 0 0 0
#13207 0 0 0 0 0
#13208 0 0 0 0 0
#13209 0 0 0 0 0
#13210 0 0 0 0 0
#13211 0 0 0 0 0
#13212 0 0 0 0 0
#13213 0 0 0 0 0
#13214 0 0 0 0 0
#13215 0 0 0 0 0
#13300 0 0 0 0 0
#13301 0 0 0 0 0
#13302 0 0 0 0 0
#13303 0 0 0 0 0
#13304 0 0 0 0 0
#13305 0 0 0 0 0
#13306 0 0 0 0 0
#13307 0 0 0 0 0
#13308 0 0 0 0 0
#13309 0 0 0 0 0
#13310 0 0 0 0 0
#13311 0 0 0 0 0
#13312 0 0 0 0 0
#13313 0 0 0 0 0
#13314 0 0 0 0 0
#13315 0 0 0 0 0
#13400 0 0 0 0 0
#13401 0 0 0 0 0
#13402 0 0 0 0 0
#13403 0 0 0 0 0
#13404 0 0 0 0 0
#13405 0 0 0 0 0
#13406 0 0 0 0 0
#13407 0 0 0 0 0
#13408 0 0 0 0 0
#13409 0 0 0 0 0
#13410 0 0 0 0 0
#13411 0 0 0 0 0
#13412 0 0 0 0 0
#13413 0 0 0 0 0
#13414 0 0 0 0 0
#13415 0 0 0 0 0
#13500 0 0 0 0 0
#13501 0 0 0 0 0
#13502 0 0 0 0 0
#13503 0 0 0 0 0
#13504 0 0 0 0 0
#13505 0 0 0 0 0
#13506 0 0 0 0 0
#13507 0 0 0 0 0
#13508 0 0 0 0 0
#13509 0 0 0 0 0
#13510 0 0 0 0 0
#13511 0 0 0 0 0
#13512 0 0 0 0 0
#13513 0 0 0 0 0
#13514 0 0 0 0 0
#13515 0 0 0 0 0
#13600 0 0 0 0 0
#13601 0 0 0 0 0
#13602 0 0 0 0 0
#13603 0 0 0 0 0
#13604 0 0 0 0 0
#13605 0 0 0 0 0
#13606 0 0 0 0 0
#13607 0 0 0 0 0
#13608 0 0 0 0 0
#13609 0 0 0 0 0
#13610 0 0 0 0 0
#13611 0 0 0 0 0
#13612 0 0 0 0 0
#13613 0 0 0 0 0
#13614 0 0 0 0 0
#13615 0 0 0 0 0
#13700 0 0 0 0 0
#13701 0 0 0 0 0
#13702 0 0 0 0 0
#13703 0 0 0 0 0
#13704 0 0 0 0 0
#13705 0 0 0 0 0
#13706 0 0 0 0 0
#13707 0 0 0 0 0
#13708 0 0 0 0 0
#13709 0 0 0 0 0
#13710 0 0 0 0 0
#13711 0 0 0 0 0
#13712 0 0 0 0 0
#13713 0 0 0 0 0
#13714 0 0 0 0 0
#13715 0 0 0 0 0
#13800 0 0 0 0 0
#13801 0 0 0 0 0
#13802 0 0 0 0 0
#13803 0 0 0 0 0
#13804 0 0 0 0 0
#13805 0 0 0 0 0
#13806 0 0 0 0 0
#13807 0 0 0 0 0
#13808 0 0 0 0 0
#13809 0 0 0 0 0
#13810 0 0 0 0 0
#13811 0 0 0 0 0
#13812 0 0 0 0 0
#13813 0 0 0 0 0
#13814 0 0 0 0 0
#13815 0 0 0 0 0
#13900 0 0 0 0 0
#13901 0 0 0 0 0
#13902 0 0 0 0 0
#13903 0 0 0 0 0
#13904 0 0 0 0 0
#13905 0 0 0 0 0
#13906 0 0 0 0 0
#13907 0 0 0 0 0
#13908 0 0 0 0 0
#13909 0 0 0 0 0
#13910 0 0 0 0 0
#13911 0 0 0 0 0
#13912 0 0 0 0 0
#13913 0 0 0 0 0
#13914 0 0 0 0 0
#13915 0 0 0 0 0
#14000 0 0 0 0 0
#14001 0 0 0 0 0
#14002 0 0 0 0 0
#14003 0 0 0 0 0
#14004 0 0 0 0 0
#14005 0 0 0 0 0
#14006 0 0 0 0 0
#14007 0 0 0 0 0
#14008 0 0 0 0 0
#14009 0 0 0 0 0
#14010 0 0 0 0 0
#14011 0 0 0 0 0
#14012 0 0 0 0 0
#14013 0 0 0 0 0
#14014 0 0 0 0 0
#14015 0 0 0 0 0
#14100 0 0 0 0 0
#14101 0 0 0 0 0
#14102 0 0 0 0 0
#14103 0 0 0 0 0
#14104 0 0 0 0 0
#14105 0 0 0 0 0
#14106 0 0 0 0 0
#14107 0 0 0 0 0
#14108 0 0 0 0 0
#14109 0 0 0 0 0
#14110 0 0 0 0 0
#14111 0 0 0 0 0
#14112 0 0 0 0 0
#14113 0 0 0 0 0
#14114 0 0 0 0 0
#14115 0 0 0 0 0
#14200 0 0 0 0 0
#14201 0 0 0 0 0
#14202 0 0 0 0 0
#14203 0 0 0 0 0
#14204 0 0 0 0 0
#14205 0 0 0 0 0
#14206 0 0 0 0 0
#14207 0 0 0 0 0
#14208 0 0 0 0 0
#14209 0 0 0 0 0
#14210 0 0 0 0 0
#14211 0 0 0 0 0
#14212 0 0 0 0 0
#14213 0 0 0 0 0
#14214 0 0 0 0 0
#14215 0 0 0 0 0
#14300 0 0 0 0 0
#14301 0 0 0 0 0
#14302 0 0 0 0 0
#14303 0 0 0 0 0
#14304 0 0 0 0 0
#14305 0 0 0 0 0
#14306 0 0 0 0 0
#14307 0 0 0 0 0
#14308 0 0 0 0 0
#14309 0 0 0 0 0
#14310 0 0 0 0 0
#14311 0 0 0 0 0
#14312 0 0 0 0 0
#14313 0 0 0 0 0
#14314 0 0 0 0 0
#14315 0 0 0 0 0
#14400 0 0 0 0 0
#14401 0 0 0 0 0
#14402 0 0 0 0 0
#14403 0 0 0 0 0
#14404 0 0 0 0 0
#14405 0 0 0 0 0
#14406 0 0 0 0 0
#14407 0 0 0 0 0
#14408 0 0 0 0 0
#14409 0 0 0 0 0
#14410 0 0 0 0 0
#14411 0 0 0 0 0
#14412 0 0 0 0 0
#14413 0 0 0 0 0
#14414 0 0 0 0 0
#14415 0 0 0 0 0
#14500 0 0 0 0 0
#14501 0 0 0 0 0
#14502 0 0 0 0 0
#14503 0 0 0 0 0
#14504 0 0 0 0 0
#14505 0 0 0 0 0
#14506 0 0 0 0 0
#14507 0 0 0 0 0
#14508 0 0 0 0 0
#14509 0 0 0 0 0
#14510 0 0 0 0 0
#14511 0 0 0 0 0
#14512 0 0 0 0 0
#14513 0 0 0 0 0
#14514 0 0 0 0 0
#14515 0 0 0 0 0
#14600 0 0 0 0 0
#14601 0 0 0 0 0
#14602 0 0 0 0 0
#14603 0 0 0 0 0
#14604 0 0 0 0 0
#14605 0 0 0 0 0
#14606 0 0 0 0 0
#14607 0 0 0 0 0
#14608 0 0 0 0 0
#14609 0 0 0 0 0
#14610 0 0 0 0 0
#14611 0 0 0 0 0
#14612 0 0 0 0 0
#14613 0 0 0 0 0
#14614 0 0 0 0 0
#14615 0 0 0 0 0
#14700 0 0 0 0 0
#14701 0 0 0 0 0
#14702 0 0 0 0 0
#14703 0 0 0 0 0
#14704 0 0 0 0 0
#14705 0 0 0 0 0
#14706 0 0 0 0 0
#14707 0 0 0 0 0
#14708 0 0 0 0 0
#14709 0 0 0 0 0
#14710 0 0 0 0 0
#14711 0 0 0 0 0
#14712 0 0 0 0 0
#14713 0 0 0 0 0
#14714 0 0 0 0 0
#14715 0 0 0 0 0
#14800 0 0 0 0 0
#14801 0 0 0 0 0
#14802 0 0 0 0 0
#14803 0 0 0 0 0
#14804 0 0 0 0 0
#14805 0 0 0 0 0
#14806 0 0 0 0 0
#14807 0 0 0 0 0
#14808 0 0 0 0 0
#14809 0 0 0 0 0
#14810 0 0 0 0 0
#14811 0 0 0 0 0
#14812 0 0 0 0 0
#14813 0 0 0 0 0
#14814 0 0 0 0 0
#14815 0 0 0 0 0
#14900 0 0 0 0 0
#14901 0 0 0 0 0
#14902 0 0 0 0 0
#14903 0 0 0 0 0
#14904 0 0 0 0 0
#14905 0 0 0 0 0
#14906 0 0 0 0 0
#14907 0 0 0 0 0
#14908 0 0 0 0 0
#14909 0 0 0 0 0
#14910 0 0 0 0 0
#14911 0 0 0 0 0
#14912 0 0 0 0 0
#14913 0 0 0 0 0
#14914 0 0 0 0 0
#14915 0 0 0 0 0
#15000 0 0 0 0 0
#15001 0 0 0 0 0
#15002 0 0 0 0 0
#15003 0 0 0 0 0
#15004 0 0 0 0 0
#15005 0 0 0 0 0
#15006 0 0 0 0 0
#15007 0 0 0 0 0
#15008 0 0 0 0 0
#15009 0 0 0 0 0
#15010 0 0 0 0 0
#15011 0 0 0 0 0
#15012 0 0 0 0 0
#15013 0 0 0 0 0
#15014 0 0 0 0 0
#15015 0 0 0 0 0
#15100 0 0 0 0 0
#15101 0 0 0 0 0
#15102 0 0 0 0 0
#15103 0 0 0 0 0
#15104 0 0 0 0 0
#15105 0 0 0 0 0
#15106 0 0 0 0 0
#15107 0 0 0 0 0
#15108 0 0 0 0 0
#15109 0 0 0 0 0
#15110 0 0 0 0 0
#15111 0 0 0 0 0
#15112 0 0 0 0 0
#15113 0 0 0 0 0
#15114 0 0 0 0 0
#15115 0 0 0 0 0
#15200 0 0 0 0 0
#15201 0 0 0 0 0
#15202 0 0 0 0 0
#15203 0 0 0 0 0
#15204 0 0 0 0 0
#15205 0 0 0 0 0
#15206 0 0 0 0 0
#15207 0 0 0 0 0
#15208 0 0 0 0 0
#15209 0 0 0 0 0
#15210 0 0 0 0 0
#15211 0 0 0 0 0
#15212 0 0 0 0 0
#15213 0 0 0 0 0
#15214 0 0 0 0 0
#15215 0 0 0 0 0
#15300 0 0 0 0 0
#15301 0 0 0 0 0
#15302 0 0 0 0 0
#15303 0 0 0 0 0
#15304 0 0 0 0 0
#15305 0 0 0 0 0
#15306 0 0 0 0 0
#15307 0 0 0 0 0
#15308 0 0 0 0 0
#15309 0 0 0 0 0
#15310 0 0 0 0 0
#15311 0 0 0 0 0
#15312 0 0 0 0 0
#15313 0 0 0 0 0
#15314 0 0 0 0 0
#15315 0 0 0 0 0
#15400 0 0 0 0 0
#15401 0 0 0 0 0
#15402 0 0 0 0 0
#15403 0 0 0 0 0
#15404 0 0 0 0 0
#15405 0 0 0 0 0
#15406 0 0 0 0 0
#15407 0 0 0 0 0
#15408 0 0 0 0 0
#15409 0 0 0 0 0
#15410 0 0 0 0 0
#15411 0 0 0 0 0
#15412 0 0 0 0 0
#15413 0 0 0 0 0
#15414 0 0 0 0 0
#15415 0 0 0 0 0
#15500 0 0 0 0 0
#15501 0 0 0 0 0
#15502 0 0 0 0 0
#15503 0 0 0 0 0
#15504 0 0 0 0 0
#15505 0 0 0 0 0
#15506 0 0 0 0 0
#15507 0 0 0 0 0
#15508 0 0 0 0 0
#15509 0 0 0 0 0
#15510 0 0 0 0 0
#15511 0 0 0 0 0
#15512 0 0 0 0 0
#15513 0 0 0 0 0
#15514 0 0 0 0 0
#15515 0 0 0 0 0
#15600 0 0 0 0 0
#15601 0 0 0 0 0
#15602 0 0 0 0 0
#15603 0 0 0 0 0
#15604 0 0 0 0 0
#15605 0 0 0 0 0
#15606 0 0 0 0 0
#15607 0 0 0 0 0
#15608 0 0 0 0 0
#15609 0 0 0 0 0
#15610 0 0 0 0 0
#15611 0 0 0 0 0
#15612 0 0 0 0 0
#15613 0 0 0 0 0
#15614 0 0 0 0 0
#15615 0 0 0 0 0
#15700 0 0 0 0 0
#15701 0 0 0 0 0
#15702 0 0 0 0 0
#15703 0 0 0 0 0
#15704 0 0 0 0 0
#15705 0 0 0 0 0
#15706 0 0 0 0 0
#15707 0 0 0 0 0
#15708 0 0 0 0 0
#15709 0 0 0 0 0
#15710 0 0 0 0 0
#15711 0 0 0 0 0
#15712 0 0 0 0 0
#15713 0 0 0 0 0
#15714 0 0 0 0 0
#15715 0 0 0 0 0
#15800 0 0 0 0 0
#15801 0 0 0 0 0
#15802 0 0 0 0 0
#15803 0 0 0 0 0
#15804 0 0 0 0 0
#15805 0 0 0 0 0
#15806 0 0 0 0 0
#15807 0 0 0 0 0
#15808 0 0 0 0 0
#15809 0 0 0 0 0
#15810 0 0 0 0 0
#15811 0 0 0 0 0
#15812 0 0 0 0 0
#15813 0 0 0 0 0
#15814 0 0 0 0 0
#15815 0 0 0 0 0
#15900 0 0 0 0 0
#15901 0 0 0 0 0
#15902 0 0 0 0 0
#15903 0 0 0 0 0
#15904 0 0 0 0 0
#15905 0 0 0 0 0
#15906 0 0 0 0 0
#15907 0 0 0 0 0
#15908 0 0 0 0 0
#15909 0 0 0 0 0
#15910 0 0 0 0 0
#15911 0 0 0 0 0
#15912 0 0 0 0 0
#15913 0 0 0 0 0
#15914 0 0 0 0 0
#15915 0 0 0 0 0
#16000 0 0 0 0 0
#16001 0 0 0 0 0
#16002 0 0 0 0 0
#16003 0 0 0 0 0
#16004 0 0 0 0 0
#16005 0 0 0 0 0
#16006 0 0 0 0 0
#16007 0 0 0 0 0
#16008 0 0 0 0 0
#16009 0 0 0 0 0
#16010 0 0 0 0 0
#16011 0 0 0 0 0
#16012 0 0 0 0 0
#16013 0 0 0 0 0
#16014 0 0 0 0 0
#16015 0 0 0 0 0
#16100 0 0 0 0 0
#16101 0 0 0 0 0
#16102 0 0 0 0 0
#16103 0 0 0 0 0
#16104 0 0 0 0 0
#16105 0 0 0 0 0
#16106 0 0 0 0 0
#16107 0 0 0 0 0
#16108 0 0 0 0 0
#16109 0 0 0 0 0
#16110 0 0 0 0 0
#16111 0 0 0 0 0
#16112 0 0 0 0 0
#16113 0 0 0 0 0
#16114 0 0 0 0 0
#16115 0 0 0 0 0
#16200 0 0 0 0 0
#16201 0 0 0 0 0
#16202 0 0 0 0 0
#16203 0 0 0 0 0
#16204 0 0 0 0 0
#16205 0 0 0 0 0
#16206 0 0 0 0 0
#16207 0 0 0 0 0
#16208 0 0 0 0 0
#16209 0 0 0 0 0
#16210 0 0 0 0 0
#16211 0 0 0 0 0
#16212 0 0 0 0 0
#16213 0 0 0 0 0
#16214 0 0 0 0 0
#16215 0 0 0 0 0
#16300 0 0 0 0 0
#16301 0 0 0 0 0
#16302 0 0 0 0 0
#16303 0 0 0 0 0
#16304 0 0 0 0 0
#16305 0 0 0 0 0
#16306 0 0 0 0 0
#16307 0 0 0 0 0
#16308 0 0 0 0 0
#16309 0 0 0 0 0
#16310 0 0 0 0 0
#16311 0 0 0 0 0
#16312 0 0 0 0 0
#16313 0 0 0 0 0
#16314 0 0 0 0 0
#16315 0 0 0 0 0
#16400 0 0 0 0 0
#16401 0 0 0 0 0
#16402 0 0 0 0 0
#16403 0 0 0 0 0
#16404 0 0 0 0 0
#16405 0 0 0 0 0
#16406 0 0 0 0 0
#16407 0 0 0 0 0
#16408 0 0 0 0 0
#16409 0 0 0 0 0
#16410 0 0 0 0 0
#16411 0 0 0 0 0
#16412 0 0 0 0 0
#16413 0 0 0 0 0
#16414 0 0 0 0 0
#16415 0 0 0 0 0
#16500 0 0 0 0 0
#16501 0 0 0 0 0
#16502 0 0 0 0 0
#16503 0 0 0 0 0
#16504 0 0 0 0 0
#16505 0 0 0 0 0
#16506 0 0 0 0 0
#16507 0 0 0 0 0
#16508 0 0 0 0 0
#16509 0 0 0 0 0
#16510 0 0 0 0 0
#16511 0 0 0 0 0
#16512 0 0 0 0 0
#16513 0 0 0 0 0
#16514 0 0 0 0 0
#16515 0 0 0 0 0
#16600 0 0 0 0 0
#16601 0 0 0 0 0
#16602 0 0 0 0 0
#16603 0 0 0 0 0
#16604 0 0 0 0 0
#16605 0 0 0 0 0
#16606 0 0 0 0 0
#16607 0 0 0 0 0
#16608 0 0 0 0 0
#16609 0 0 0 0 0
#16610 0 0 0 0 0
#16611 0 0 0 0 0
#16612 0 0 0 0 0
#16613 0 0 0 0 0
#16614 0 0 0 0 0
#16615 0 0 0 0 0
#16700 0 0 0 0 0
#16701 0 0 0 0 0
#16702 0 0 0 0 0
#16703 0 0 0 0 0
#16704 0 0 0 0 0
#16705 0 0 0 0 0
#16706 0 0 0 0 0
#16707 0 0 0 0 0
#16708 0 0 0 0 0
#16709 0 0 0 0 0
#16710 0 0 0 0 0
#16711 0 0 0 0 0
#16712 0 0 0 0 0
#16713 0 0 0 0 0
#16714 0 0 0 0 0
#16715 0 0 0 0 0
#16800 0 0 0 0 0
#16801 0 0 0 0 0
#16802 0 0 0 0 0
#16803 0 0 0 0 0
#16804 0 0 0 0 0
#16805 0 0 0 0 0
#16806 0 0 0 0 0
#16807 0 0 0 0 0
#16808 0 0 0 0 0
#16809 0 0 0 0 0
#16810 0 0 0 0 0
#16811 0 0 0 0 0
#16812 0 0 0 0 0
#16813 0 0 0 0 0
#16814 0 0 0 0 0
#16815 0 0 0 0 0
#16900 0 0 0 0 0
#16901 0 0 0 0 0
#16902 0 0 0 0 0
#16903 0 0 0 0 0
#16904 0 0 0 0 0
#16905 0 0 0 0 0
#16906 0 0 0 0 0
#16907 0 0 0 0 0
#16908 0 0 0 0 0
#16909 0 0 0 0 0
#16910 0 0 0 0 0
#16911 0 0 0 0 0
#16912 0 0 0 0 0
#16913 0 0 0 0 0
#16914 0 0 0 0 0
#16915 0 0 0 0 0
#17000 0 0 0 0 0
#17001 0 0 0 0 0
#17002 0 0 0 0 0
#17003 0 0 0 0 0
#17004 0 0 0 0 0
#17005 0 0 0 0 0
#17006 0 0 0 0 0
#17007 0 0 0 0 0
#17008 0 0 0 0 0
#17009 0 0 0 0 0
#17010 0 0 0 0 0
#17011 0 0 0 0 0
#17012 0 0 0 0 0
#17013 0 0 0 0 0
#17014 0 0 0 0 0
#17015 0 0 0 0 0
#17100 0 0 0 0 0
#17101 0 0 0 0 0
#17102 0 0 0 0 0
#17103 0 0 0 0 0
#17104 0 0 0 0 0
#17105 0 0 0 0 0
#17106 0 0 0 0 0
#17107 0 0 0 0 0
#17108 0 0 0 0 0
#17109 0 0 0 0 0
#17110 0 0 0 0 0
#17111 0 0 0 0 0
#17112 0 0 0 0 0
#17113 0 0 0 0 0
#17114 0 0 0 0 0
#17115 0 0 0 0 0
#17200 0 0 0 0 0
#17201 0 0 0 0 0
#17202 0 0 0 0 0
#17203 0 0 0 0 0
#17204 0 0 0 0 0
#17205 0 0 0 0 0
#17206 0 0 0 0 0
#17207 0 0 0 0 0
#17208 0 0 0 0 0
#17209 0 0 0 0 0
#17210 0 0 0 0 0
#17211 0 0 0 0 0
#17212 0 0 0 0 0
#17213 0 0 0 0 0
#17214 0 0 0 0 0
#17215 0 0 0 0 0
#17300 0 0 0 0 0
#17301 0 0 0 0 0
#17302 0 0 0 0 0
#17303 0 0 0 0 0
#17304 0 0 0 0 0
#17305 0 0 0 0 0
#17306 0 0 0 0 0
#17307 0 0 0 0 0
#17308 0 0 0 0 0
#17309 0 0 0 0 0
#17310 0 0 0 0 0
#17311 0 0 0 0 0
#17312 0 0 0 0 0
#17313 0 0 0 0 0
#17314 0 0 0 0 0
#17315 0 0 0 0 0
#17400 0 0 0 0 0
#17401 0 0 0 0 0
#17402 0 0 0 0 0
#17403 0 0 0 0 0
#17404 0 0 0 0 0
#17405 0 0 0 0 0
#17406 0 0 0 0 0
#17407 0 0 0 0 0
#17408 0 0 0 0 0
#17409 0 0 0 0 0
#17410 0 0 0 0 0
#17411 0 0 0 0 0
#17412 0 0 0 0 0
#17413 0 0 0 0 0
#17414 0 0 0 0 0
#17415 0 0 0 0 0
#17500 0 0 0 0 0
#17501 0 0 0 0 0
#17502 0 0 0 0 0
#17503 0 0 0 0 0
#17504 0 0 0 0 0
#17505 0 0 0 0 0
#17506 0 0 0 0 0
#17507 0 0 0 0 0
#17508 0 0 0 0 0
#17509 0 0 0 0 0
#17510 0 0 0 0 0
#17511 0 0 0 0 0
#17512 0 0 0 0 0
#17513 0 0 0 0 0
#17514 0 0 0 0 0
#17515 0 0 0 0 0
#17600 0 0 0 0 0
#17601 0 0 0 0 0
#17602 0 0 0 0 0
#17603 0 0 0 0 0
#17604 0 0 0 0 0
#17605 0 0 0 0 0
#17606 0 0 0 0 0
#17607 0 0 0 0 0
#17608 0 0 0 0 0
#17609 0 0 0 0 0
#17610 0 0 0 0 0
#17611 0 0 0 0 0
#17612 0 0 0 0 0
#17613 0 0 0 0 0
#17614 0 0 0 0 0
#17615 0 0 0 0 0
#17700 0 0 0 0 0
#17701 0 0 0 0 0
#17702 0 0 0 0 0
#17703 0 0 0 0 0
#17704 0 0 0 0 0
#17705 0 0 0 0 0
#17706 0 0 0 0 0
#17707 0 0 0 0 0
#17708 0 0 0 0 0
#17709 0 0 0 0 0
#17710 0 0 0 0 0
#17711 0 0 0 0 0
#17712 0 0 0 0 0
#17713 0 0 0 0 0
#17714 0 0 0 0 0
#17715 0 0 0 0 0
#17800 0 0 0 0 0
#17801 0 0 0 0 0
#17802 0 0 0 0 0
#17803 0 0 0 0 0
#17804 0 0 0 0 0
#17805 0 0 0 0 0
#17806 0 0 0 0 0
#17807 0 0 0 0 0
#17808 0 0 0 0 0
#17809 0 0 0 0 0
#17810 0 0 0 0 0
#17811 0 0 0 0 0
#17812 0 0 0 0 0
#17813 0 0 0 0 0
#17814 0 0 0 0 0
#17815 0 0 0 0 0
#17900 0 0 0 0 0
#17901 0 0 0 0 0
#17902 0 0 0 0 0
#17903 0 0 0 0 0
#17904 0 0 0 0 0
#17905 0 0 0 0 0
#17906 0 0 0 0 0
#17907 0 0 0 0 0
#17908 0 0 0 0 0
#17909 0 0 0 0 0
#17910 0 0 0 0 0
#17911 0 0 0 0 0
#17912 0 0 0 0 0
#17913 0 0 0 0 0
#17914 0 0 0 0 0
#17915 0 0 0 0 0
#18000 0 0 0 0 0
#18001 0 0 0 0 0
#18002 0 0 0 0 0
#18003 0 0 0 0 0
#18004 0 0 0 0 0
#18005 0 0 0 0 0
#18006 0 0 0 0 0
#18007 0 0 0 0 0
#18008 0 0 0 0 0
#18009 0 0 0 0 0
#18010 0 0 0 0 0
#18011 0 0 0 0 0
#18012 0 0 0 0 0
#18013 0 0 0 0 0
#18014 0 0 0 0 0
#18015 0 0 0 0 0
#18100 0 0 0 0 0
#18101 0 0 0 0 0
#18102 0 0 0 0 0
#18103 0 0 0 0 0
#18104 0 0 0 0 0
#18105 0 0 0 0 0
#18106 0 0 0 0 0
#18107 0 0 0 0 0
#18108 0 0 0 0 0
#18109 0 0 0 0 0
#18110 0 0 0 0 0
#18111 0 0 0 0 0
#18112 0 0 0 0 0
#18113 0 0 0 0 0
#18114 0 0 0 0 0
#18115 0 0 0 0 0
#18200 0 0 0 0 0
#18201 0 0 0 0 0
#18202 0 0 0 0 0
#18203 0 0 0 0 0
#18204 0 0 0 0 0
#18205 0 0 0 0 0
#18206 0 0 0 0 0
#18207 0 0 0 0 0
#18208 0 0 0 0 0
#18209 0 0 0 0 0
#18210 0 0 0 0 0
#18211 0 0 0 0 0
#18212 0 0 0 0 0
#18213 0 0 0 0 0
#18214 0 0 0 0 0
#18215 0 0 0 0 0
#18300 0 0 0 0 0
#18301 0 0 0 0 0
#18302 0 0 0 0 0
#18303 0 0 0 0 0
#18304 0 0 0 0 0
#18305 0 0 0 0 0
#18306 0 0 0 0 0
#18307 0 0 0 0 0
#18308 0 0 0 0 0
#18309 0 0 0 0 0
#18310 0 0 0 0 0
#18311 0 0 0 0 0
#18312 0 0 0 0 0
#18313 0 0 0 0 0
#18314 0 0 0 0 0
#18315 0 0 0 0 0
#18400 0 0 0 0 0
#18401 0 0 0 0 0
#18402 0 0 0 0 0
#18403 0 0 0 0 0
#18404 0 0 0 0 0
#18405 0 0 0 0 0
#18406 0 0 0 0 0
#18407 0 0 0 0 0
#18408 0 0 0 0 0
#18409 0 0 0 0 0
#18410 0 0 0 0 0
#18411 0 0 0 0 0
#18412 0 0 0 0 0
#18413 0 0 0 0 0
#18414 0 0 0 0 0
#18415 0 0 0 0 0
#18500 0 0 0 0 0
#18501 0 0 0 0 0
#18502 0 0 0 0 0
#18503 0 0 0 0 0
#18504 0 0 0 0 0
#18505 0 0 0 0 0
#18506 0 0 0 0 0
#18507 0 0 0 0 0
#18508 0 0 0 0 0
#18509 0 0 0 0 0
#18510 0 0 0 0 0
#18511 0 0 0 0 0
#18512 0 0 0 0 0
#18513 0 0 0 0 0
#18514 0 0 0 0 0
#18515 0 0 0 0 0
#18600 0 0 0 0 0
#18601 0 0 0 0 0
#18602 0 0 0 0 0
#18603 0 0 0 0 0
#18604 0 0 0 0 0
#18605 0 0 0 0 0
#18606 0 0 0 0 0
#18607 0 0 0 0 0
#18608 0 0 0 0 0
#18609 0 0 0 0 0
#18610 0 0 0 0 0
#18611 0 0 0 0 0
#18612 0 0 0 0 0
#18613 0 0 0 0 0
#18614 0 0 0 0 0
#18615 0 0 0 0 0
#18700 0 0 0 0 0
#18701 0 0 0 0 0
#18702 0 0 0 0 0
#18703 0 0 0 0 0
#18704 0 0 0 0 0
#18705 0 0 0 0 0
#18706 0 0 0 0 0
#18707 0 0 0 0 0
#18708 0 0 0 0 0
#18709 0 0 0 0 0
#18710 0 0 0 0 0
#18711 0 0 0 0 0
#18712 0 0 0 0 0
#18713 0 0 0 0 0
#18714 0 0 0 0 0
#18715 0 0 0 0 0
#18800 0 0 0 0 0
#18801 0 0 0 0 0
#18802 0 0 0 0 0
#18803 0 0 0 0 0
#18804 0 0 0 0 0
#18805 0 0 0 0 0
#18806 0 0 0 0 0
#18807 0 0 0 0 0
#18808 0 0 0 0 0
#18809 0 0 0 0 0
#18810 0 0 0 0 0
#18811 0 0 0 0 0
#18812 0 0 0 0 0
#18813 0 0 0 0 0
#18814 0 0 0 0 0
#18815 0 0 0 0 0
#18900 0 0 0 0 0
#18901 0 0 0 0 0
#18902 0 0 0 0 0
#18903 0 0 0 0 0
#18904 0 0 0 0 0
#18905 0 0 0 0 0
#18906 0 0 0 0 0
#18907 0 0 0 0 0
#18908 0 0 0 0 0
#18909 0 0 0 0 0
#18910 0 0 0 0 0
#18911 0 0 0 0 0
#18912 0 0 0 0 0
#18913 0 0 0 0 0
#18914 0 0 0 0 0
#18915 0 0 0 0 0
#19000 0 0 0 0 0
#19001 0 0 0 0 0
#19002 0 0 0 0 0
#19003 0 0 0 0 0
#19004 0 0 0 0 0
#19005 0 0 0 0 0
#19006 0 0 0 0 0
#19007 0 0 0 0 0
#19008 0 0 0 0 0
#19009 0 0 0 0 0
#19010 0 0 0 0 0
#19011 0 0 0 0 0
#19012 0 0 0 0 0
#19013 0 0 0 0 0
#19014 0 0 0 0 0
#19015 0 0 0 0 0
#19100 0 0 0 0 0
#19101 0 0 0 0 0
#19102 0 0 0 0 0
#19103 0 0 0 0 0
#19104 0 0 0 0 0
#19105 0 0 0 0 0
#19106 0 0 0 0 0
#19107 0 0 0 0 0
#19108 0 0 0 0 0
#19109 0 0 0 0 0
#19110 0 0 0 0 0
#19111 0 0 0 0 0
#19112 0 0 0 0 0
#19113 0 0 0 0 0
#19114 0 0 0 0 0
#19115 0 0 0 0 0
#19200 0 0 0 0 0
#19201 0 0 0 0 0
#19202 0 0 0 0 0
#19203 0 0 0 0 0
#19204 0 0 0 0 0
#19205 0 0 0 0 0
#19206 0 0 0 0 0
#19207 0 0 0 0 0
#19208 0 0 0 0 0
#19209 0 0 0 0 0
#19210 0 0 0 0 0
#19211 0 0 0 0 0
#19212 0 0 0 0 0
#19213 0 0 0 0 0
#19214 0 0 0 0 0
#19215 0 0 0 0 0
#19300 0 0 0 0 0
#19301 0 0 0 0 0
#19302 0 0 0 0 0
#19303 0 0 0 0 0
#19304 0 0 0 0 0
#19305 0 0 0 0 0
#19306 0 0 0 0 0
#19307 0 0 0 0 0
#19308 0 0 0 0 0
#19309 0 0 0 0 0
#19310 0 0 0 0 0
#19311 0 0 0 0 0
#19312 0 0 0 0 0
#19313 0 0 0 0 0
#19314 0 0 0 0 0
#19315 0 0 0 0 0
#19400 0 0 0 0 0
#19401 0 0 0 0 0
#19402 0 0 0 0 0
#19403 0 0 0 0 0
#19404 0 0 0 0 0
#19405 0 0 0 0 0
#19406 0 0 0 0 0
#19407 0 0 0 0 0
#19408 0 0 0 0 0
#19409 0 0 0 0 0
#19410 0 0 0 0 0
#19411 0 0 0 0 0
#19412 0 0 0 0 0
#19413 0 0 0 0 0
#19414 0 0 0 0 0
#19415 0 0 0 0 0
#19500 0 0 0 0 0
#19501 0 0 0 0 0
#19502 0 0 0 0 0
#19503 0 0 0 0 0
#19504 0 0 0 0 0
#19505 0 0 0 0 0
#19506 0 0 0 0 0
#19507 0 0 0 0 0
#19508 0 0 0 0 0
#19509 0 0 0 0 0
#19510 0 0 0 0 0
#19511 0 0 0 0 0
#19512 0 0 0 0 0
#19513 0 0 0 0 0
#19514 0 0 0 0 0
#19515 0 0 0 0 0
#19600 0 0 0 0 0
#19601 0 0 0 0 0
#19602 0 0 0 0 0
#19603 0 0 0 0 0
#19604 0 0 0 0 0
#19605 0 0 0 0 0
#19606 0 0 0 0 0
#19607 0 0 0 0 0
#19608 0 0 0 0 0
#19609 0 0 0 0 0
#19610 0 0 0 0 0
#19611 0 0 0 0 0
#19612 0 0 0 0 0
#19613 0 0 0 0 0
#19614 0 0 0 0 0
#19615 0 0 0 0 0
#19700 0 0 0 0 0
#19701 0 0 0 0 0
#19702 0 0 0 0 0
#19703 0 0 0 0 0
#19704 0 0 0 0 0
#19705 0 0 0 0 0
#19706 0 0 0 0 0
#19707 0 0 0 0 0
#19708 0 0 0 0 0
#19709 0 0 0 0 0
#19710 0 0 0 0 0
#19711 0 0 0 0 0
#19712 0 0 0 0 0
#19713 0 0 0 0 0
#19714 0 0 0 0 0
#19715 0 0 0 0 0
#19800 0 0 0 0 0
#19801 0 0 0 0 0
#19802 0 0 0 0 0
#19803 0 0 0 0 0
#19804 0 0 0 0 0
#19805 0 0 0 0 0
#19806 0 0 0 0 0
#19807 0 0 0 0 0
#19808 0 0 0 0 0
#19809 0 0 0 0 0
#19810 0 0 0 0 0
#19811 0 0 0 0 0
#19812 0 0 0 0 0
#19813 0 0 0 0 0
#19814 0 0 0 0 0
#19815 0 0 0 0 0
#19900 0 0 0 0 0
#19901 0 0 0 0 0
#19902 0 0 0 0 0
#19903 0 0 0 0 0
#19904 0 0 0 0 0
#19905 0 0 0 0 0
#19906 0 0 0 0 0
#19907 0 0 0 0 0
#19908 0 0 0 0 0
#19909 0 0 0 0 0
#19910 0 0 0 0 0
#19911 0 0 0 0 0
#19912 0 0 0 0 0
#19913 0 0 0 0 0
#19914 0 0 0 0 0
#19915 0 0 0 0 0
#20000 0 0 0 0 0
#20001 0 0 0 0 0
#20002 0 0 0 0 0
#20003 0 0 0 0 0
#20004 0 0 0 0 0
#20005 0 0 0 0 0
#20006 0 0 0 0 0
#20007 0 0 0 0 0
#20008 0 0 0 0 0
#20009 0 0 0 0 0
#20010 0 0 0 0 0
#20011 0 0 0 0 0
#20012 0 0 0 0 0
#20013 0 0 0 0 0
#20014 0 0 0 0 0
#20015 0 0 0 0 0
#20100 0 0 0 0 0
#20101 0 0 0 0 0
#20102 0 0 0 0 0
#20103 0 0 0 0 0
#20104 0 0 0 0 0
#20105 0 0 0 0 0
#20106 0 0 0 0 0
#20107 0 0 0 0 0
#20108 0 0 0 0 0
#20109 0 0 0 0 0
#20110 0 0 0 0 0
#20111 0 0 0 0 0
#20112 0 0 0 0 0
#20113 0 0 0 0 0
#20114 0 0 0 0 0
#20115 0 0 0 0 0
#20200 0 0 0 0 0
#20201 0 0 0 0 0
#20202 0 0 0 0 0
#20203 0 0 0 0 0
#20204 0 0 0 0 0
#20205 0 0 0 0 0
#20206 0 0 0 0 0
#20207 0 0 0 0 0
#20208 0 0 0 0 0
#20209 0 0 0 0 0
#20210 0 0 0 0 0
#20211 0 0 0 0 0
#20212 0 0 0 0 0
#20213 0 0 0 0 0
#20214 0 0 0 0 0
#20215 0 0 0 0 0
#20300 0 0 0 0 0
#20301 0 0 0 0 0
#20302 0 0 0 0 0
#20303 0 0 0 0 0
#20304 0 0 0 0 0
#20305 0 0 0 0 0
#20306 0 0 0 0 0
#20307 0 0 0 0 0
#20308 0 0 0 0 0
#20309 0 0 0 0 0
#20310 0 0 0 0 0
#20311 0 0 0 0 0
#20312 0 0 0 0 0
#20313 0 0 0 0 0
#20314 0 0 0 0 0
#20315 0 0 0 0 0
#20400 0 0 0 0 0
#20401 0 0 0 0 0
#20402 0 0 0 0 0
#20403 0 0 0 0 0
#20404 0 0 0 0 0
#20405 0 0 0 0 0
#20406 0 0 0 0 0
#20407 0 0 0 0 0
#20408 0 0 0 0 0
#20409 0 0 0 0 0
#20410 0 0 0 0 0
#20411 0 0 0 0 0
#20412 0 0 0 0 0
#20413 0 0 0 0 0
#20414 0 0 0 0 0
#20415 0 0 0 0 0
#20500 0 0 0 0 0
#20501 0 0 0 0 0
#20502 0 0 0 0 0
#20503 0 0 0 0 0
#20504 0 0 0 0 0
#20505 0 0 0 0 0
#20506 0 0 0 0 0
#20507 0 0 0 0 0
#20508 0 0 0 0 0
#20509 0 0 0 0 0
#20510 0 0 0 0 0
#20511 0 0 0 0 0
#20512 0 0 0 0 0
#20513 0 0 0 0 0
#20514 0 0 0 0 0
#20515 0 0 0 0 0
#20600 0 0 0 0 0
#20601 0 0 0 0 0
#20602 0 0 0 0 0
#20603 0 0 0 0 0
#20604 0 0 0 0 0
#20605 0 0 0 0 0
#20606 0 0 0 0 0
#20607 0 0 0 0 0
#20608 0 0 0 0 0
#20609 0 0 0 0 0
#20610 0 0 0 0 0
#20611 0 0 0 0 0
#20612 0 0 0 0 0
#20613 0 0 0 0 0
#20614 0 0 0 0 0
#20615 0 0 0 0 0
#20700 0 0 0 0 0
#20701 0 0 0 0 0
#20702 0 0 0 0 0
#20703 0 0 0 0 0
#20704 0 0 0 0 0
#20705 0 0 0 0 0
#20706 0 0 0 0 0
#20707 0 0 0 0 0
#20708 0 0 0 0 0
#20709 0 0 0 0 0
#20710 0 0 0 0 0
#20711 0 0 0 0 0
#20712 0 0 0 0 0
#20713 0 0 0 0 0
#20714 0 0 0 0 0
#20715 0 0 0 0 0
#20800 0 0 0 0 0
#20801 0 0 0 0 0
#20802 0 0 0 0 0
#20803 0 0 0 0 0
#20804 0 0 0 0 0
#20805 0 0 0 0 0
#20806 0 0 0 0 0
#20807 0 0 0 0 0
#20808 0 0 0 0 0
#20809 0 0 0 0 0
#20810 0 0 0 0 0
#20811 0 0 0 0 0
#20812 0 0 0 0 0
#20813 0 0 0 0 0
#20814 0 0 0 0 0
#20815 0 0 0 0 0
#20900 0 0 0 0 0
#20901 0 0 0 0 0
#20902 0 0 0 0 0
#20903 0 0 0 0 0
#20904 0 0 0 0 0
#20905 0 0 0 0 0
#20906 0 0 0 0 0
#20907 0 0 0 0 0
#20908 0 0 0 0 0
#20909 0 0 0 0 0
#20910 0 0 0 0 0
#20911 0 0 0 0 0
#20912 0 0 0 0 0
#20913 0 0 0 0 0
#20914 0 0 0 0 0
#20915 0 0 0 0 0
#21000 0 0 0 0 0
#21001 0 0 0 0 0
#21002 0 0 0 0 0
#21003 0 0 0 0 0
#21004 0 0 0 0 0
#21005 0 0 0 0 0
#21006 0 0 0 0 0
#21007 0 0 0 0 0
#21008 0 0 0 0 0
#21009 0 0 0 0 0
#21010 0 0 0 0 0
#21011 0 0 0 0 0
#21012 0 0 0 0 0
#21013 0 0 0 0 0
#21014 0 0 0 0 0
#21015 0 0 0 0 0
#21100 0 0 0 0 0
#21101 0 0 0 0 0
#21102 0 0 0 0 0
#21103 0 0 0 0 0
#21104 0 0 0 0 0
#21105 0 0 0 0 0
#21106 0 0 0 0 0
#21107 0 0 0 0 0
#21108 0 0 0 0 0
#21109 0 0 0 0 0
#21110 0 0 0 0 0
#21111 0 0 0 0 0
#21112 0 0 0 0 0
#21113 0 0 0 0 0
#21114 0 0 0 0 0
#21115 0 0 0 0 0
#21200 0 0 0 0 0
#21201 0 0 0 0 0
#21202 0 0 0 0 0
#21203 0 0 0 0 0
#21204 0 0 0 0 0
#21205 0 0 0 0 0
#21206 0 0 0 0 0
#21207 0 0 0 0 0
#21208 0 0 0 0 0
#21209 0 0 0 0 0
#21210 0 0 0 0 0
#21211 0 0 0 0 0
#21212 0 0 0 0 0
#21213 0 0 0 0 0
#21214 0 0 0 0 0
#21215 0 0 0 0 0
#21300 0 0 0 0 0
#21301 0 0 0 0 0
#21302 0 0 0 0 0
#21303 0 0 0 0 0
#21304 0 0 0 0 0
#21305 0 0 0 0 0
#21306 0 0 0 0 0
#21307 0 0 0 0 0
#21308 0 0 0 0 0
#21309 0 0 0 0 0
#21310 0 0 0 0 0
#21311 0 0 0 0 0
#21312 0 0 0 0 0
#21313 0 0 0 0 0
#21314 0 0 0 0 0
#21315 0 0 0 0 0
#21400 0 0 0 0 0
#21401 0 0 0 0 0
#21402 0 0 0 0 0
#21403 0 0 0 0 0
#21404 0 0 0 0 0
#21405 0 0 0 0 0
#21406 0 0 0 0 0
#21407 0 0 0 0 0
#21408 0 0 0 0 0
#21409 0 0 0 0 0
#21410 0 0 0 0 0
#21411 0 0 0 0 0
#21412 0 0 0 0 0
#21413 0 0 0 0 0
#21414 0 0 0 0 0
#21415 0 0 0 0 0
#21500 0 0 0 0 0
#21501 0 0 0 0 0
#21502 0 0 0 0 0
#21503 0 0 0 0 0
#21504 0 0 0 0 0
#21505 0 0 0 0 0
#21506 0 0 0 0 0
#21507 0 0 0 0 0
#21508 0 0 0 0 0
#21509 0 0 0 0 0
#21510 0 0 0 0 0
#21511 0 0 0 0 0
#21512 0 0 0 0 0
#21513 0 0 0 0 0
#21514 0 0 0 0 0
#21515 0 0 0 0 0
#21600 0 0 0 0 0
#21601 0 0 0 0 0
#21602 0 0 0 0 0
#21603 0 0 0 0 0
#21604 0 0 0 0 0
#21605 0 0 0 0 0
#21606 0 0 0 0 0
#21607 0 0 0 0 0
#21608 0 0 0 0 0
#21609 0 0 0 0 0
#21610 0 0 0 0 0
#21611 0 0 0 0 0
#21612 0 0 0 0 0
#21613 0 0 0 0 0
#21614 0 0 0 0 0
#21615 0 0 0 0 0
#21700 0 0 0 0 0
#21701 0 0 0 0 0
#21702 0 0 0 0 0
#21703 0 0 0 0 0
#21704 0 0 0 0 0
#21705 0 0 0 0 0
#21706 0 0 0 0 0
#21707 0 0 0 0 0
#21708 0 0 0 0 0
#21709 0 0 0 0 0
#21710 0 0 0 0 0
#21711 0 0 0 0 0
#21712 0 0 0 0 0
#21713 0 0 0 0 0
#21714 0 0 0 0 0
#21715 0 0 0 0 0
#21800 0 0 0 0 0
#21801 0 0 0 0 0
#21802 0 0 0 0 0
#21803 0 0 0 0 0
#21804 0 0 0 0 0
#21805 0 0 0 0 0
#21806 0 0 0 0 0
#21807 0 0 0 0 0
#21808 0 0 0 0 0
#21809 0 0 0 0 0
#21810 0 0 0 0 0
#21811 0 0 0 0 0
#21812 0 0 0 0 0
#21813 0 0 0 0 0
#21814 0 0 0 0 0
#21815 0 0 0 0 0
#21900 0 0 0 0 0
#21901 0 0 0 0 0
#21902 0 0 0 0 0
#21903 0 0 0 0 0
#21904 0 0 0 0 0
#21905 0 0 0 0 0
#21906 0 0 0 0 0
#21907 0 0 0 0 0
#21908 0 0 0 0 0
#21909 0 0 0 0 0
#21910 0 0 0 0 0
#21911 0 0 0 0 0
#21912 0 0 0 0 0
#21913 0 0 0 0 0
#21914 0 0 0 0 0
#21915 0 0 0 0 0
#22000 0 0 0 0 0
#22001 0 0 0 0 0
#22002 0 0 0 0 0
#22003 0 0 0 0 0
#22004 0 0 0 0 0
#22005 0 0 0 0 0
#22006 0 0 0 0 0
#22007 0 0 0 0 0
#22008 0 0 0 0 0
#22009 0 0 0 0 0
#22010 0 0 0 0 0
#22011 0 0 0 0 0
#22012 0 0 0 0 0
#22013 0 0 0 0 0
#22014 0 0 0 0 0
#22015 0 0 0 0 0
#22100 0 0 0 0 0
#22101 0 0 0 0 0
#22102 0 0 0 0 0
#22103 0 0 0 0 0
#22104 0 0 0 0 0
#22105 0 0 0 0 0
#22106 0 0 0 0 0
#22107 0 0 0 0 0
#22108 0 0 0 0 0
#22109 0 0 0 0 0
#22110 0 0 0 0 0
#22111 0 0 0 0 0
#22112 0 0 0 0 0
#22113 0 0 0 0 0
#22114 0 0 0 0 0
#22115 0 0 0 0 0
#22200 0 0 0 0 0
#22201 0 0 0 0 0
#22202 0 0 0 0 0
#22203 0 0 0 0 0
#22204 0 0 0 0 0
#22205 0 0 0 0 0
#22206 0 0 0 0 0
#22207 0 0 0 0 0
#22208 0 0 0 0 0
#22209 0 0 0 0 0
#22210 0 0 0 0 0
#22211 0 0 0 0 0
#22212 0 0 0 0 0
#22213 0 0 0 0 0
#22214 0 0 0 0 0
#22215 0 0 0 0 0
#22300 0 0 0 0 0
#22301 0 0 0 0 0
#22302 0 0 0 0 0
#22303 0 0 0 0 0
#22304 0 0 0 0 0
#22305 0 0 0 0 0
#22306 0 0 0 0 0
#22307 0 0 0 0 0
#22308 0 0 0 0 0
#22309 0 0 0 0 0
#22310 0 0 0 0 0
#22311 0 0 0 0 0
#22312 0 0 0 0 0
#22313 0 0 0 0 0
#22314 0 0 0 0 0
#22315 0 0 0 0 0
#22400 0 0 0 0 0
#22401 0 0 0 0 0
#22402 0 0 0 0 0
#22403 0 0 0 0 0
#22404 0 0 0 0 0
#22405 0 0 0 0 0
#22406 0 0 0 0 0
#22407 0 0 0 0 0
#22408 0 0 0 0 0
#22409 0 0 0 0 0
#22410 0 0 0 0 0
#22411 0 0 0 0 0
#22412 0 0 0 0 0
#22413 0 0 0 0 0
#22414 0 0 0 0 0
#22415 0 0 0 0 0
#22500 0 0 0 0 0
#22501 0 0 0 0 0
#22502 0 0 0 0 0
#22503 0 0 0 0 0
#22504 0 0 0 0 0
#22505 0 0 0 0 0
#22506 0 0 0 0 0
#22507 0 0 0 0 0
#22508 0 0 0 0 0
#22509 0 0 0 0 0
#22510 0 0 0 0 0
#22511 0 0 0 0 0
#22512 0 0 0 0 0
#22513 0 0 0 0 0
#22514 0 0 0 0 0
#22515 0 0 0 0 0
#22600 0 0 0 0 0
#22601 0 0 0 0 0
#22602 0 0 0 0 0
#22603 0 0 0 0 0
#22604 0 0 0 0 0
#22605 0 0 0 0 0
#22606 0 0 0 0 0
#22607 0 0 0 0 0
#22608 0 0 0 0 0
#22609 0 0 0 0 0
#22610 0 0 0 0 0
#22611 0 0 0 0 0
#22612 0 0 0 0 0
#22613 0 0 0 0 0
#22614 0 0 0 0 0
#22615 0 0 0 0 0
#22700 0 0 0 0 0
#22701 0 0 0 0 0
#22702 0 0 0 0 0
#22703 0 0 0 0 0
#22704 0 0 0 0 0
#22705 0 0 0 0 0
#22706 0 0 0 0 0
#22707 0 0 0 0 0
#22708 0 0 0 0 0
#22709 0 0 0 0 0
#22710 0 0 0 0 0
#22711 0 0 0 0 0
#22712 0 0 0 0 0
#22713 0 0 0 0 0
#22714 0 0 0 0 0
#22715 0 0 0 0 0
#22800 0 0 0 0 0
#22801 0 0 0 0 0
#22802 0 0 0 0 0
#22803 0 0 0 0 0
#22804 0 0 0 0 0
#22805 0 0 0 0 0
#22806 0 0 0 0 0
#22807 0 0 0 0 0
#22808 0 0 0 0 0
#22809 0 0 0 0 0
#22810 0 0 0 0 0
#22811 0 0 0 0 0
#22812 0 0 0 0 0
#22813 0 0 0 0 0
#22814 0 0 0 0 0
#22815 0 0 0 0 0
#22900 0 0 0 0 0
#22901 0 0 0 0 0
#22902 0 0 0 0 0
#22903 0 0 0 0 0
#22904 0 0 0 0 0
#22905 0 0 0 0 0
#22906 0 0 0 0 0
#22907 0 0 0 0 0
#22908 0 0 0 0 0
#22909 0 0 0 0 0
#22910 0 0 0 0 0
#22911 0 0 0 0 0
#22912 0 0 0 0 0
#22913 0 0 0 0 0
#22914 0 0 0 0 0
#22915 0 0 0 0 0
#23000 0 0 0 0 0
#23001 0 0 0 0 0
#23002 0 0 0 0 0
#23003 0 0 0 0 0
#23004 0 0 0 0 0
#23005 0 0 0 0 0
#23006 0 0 0 0 0
#23007 0 0 0 0 0
#23008 0 0 0 0 0
#23009 0 0 0 0 0
#23010 0 0 0 0 0
#23011 0 0 0 0 0
#23012 0 0 0 0 0
#23013 0 0 0 0 0
#23014 0 0 0 0 0
#23015 0 0 0 0 0
#23100 0 0 0 0 0
#23101 0 0 0 0 0
#23102 0 0 0 0 0
#23103 0 0 0 0 0
#23104 0 0 0 0 0
#23105 0 0 0 0 0
#23106 0 0 0 0 0
#23107 0 0 0 0 0
#23108 0 0 0 0 0
#23109 0 0 0 0 0
#23110 0 0 0 0 0
#23111 0 0 0 0 0
#23112 0 0 0 0 0
#23113 0 0 0 0 0
#23114 0 0 0 0 0
#23115 0 0 0 0 0
#23200 0 0 0 0 0
#23201 0 0 0 0 0
#23202 0 0 0 0 0
#23203 0 0 0 0 0
#23204 0 0 0 0 0
#23205 0 0 0 0 0
#23206 0 0 0 0 0
#23207 0 0 0 0 0
#23208 0 0 0 0 0
#23209 0 0 0 0 0
#23210 0 0 0 0 0
#23211 0 0 0 0 0
#23212 0 0 0 0 0
#23213 0 0 0 0 0
#23214 0 0 0 0 0
#23215 0 0 0 0 0
#23300 0 0 0 0 0
#23301 0 0 0 0 0
#23302 0 0 0 0 0
#23303 0 0 0 0 0
#23304 0 0 0 0 0
#23305 0 0 0 0 0
#23306 0 0 0 0 0
#23307 0 0 0 0 0
#23308 0 0 0 0 0
#23309 0 0 0 0 0
#23310 0 0 0 0 0
#23311 0 0 0 0 0
#23312 0 0 0 0 0
#23313 0 0 0 0 0
#23314 0 0 0 0 0
#23315 0 0 0 0 0
#23400 0 0 0 0 0
#23401 0 0 0 0 0
#23402 0 0 0 0 0
#23403 0 0 0 0 0
#23404 0 0 0 0 0
#23405 0 0 0 0 0
#23406 0 0 0 0 0
#23407 0 0 0 0 0
#23408 0 0 0 0 0
#23409 0 0 0 0 0
#23410 0 0 0 0 0
#23411 0 0 0 0 0
#23412 0 0 0 0 0
#23413 0 0 0 0 0
#23414 0 0 0 0 0
#23415 0 0 0 0 0
#23500 0 0 0 0 0
#23501 0 0 0 0 0
#23502 0 0 0 0 0
#23503 0 0 0 0 0
#23504 0 0 0 0 0
#23505 0 0 0 0 0
#23506 0 0 0 0 0
#23507 0 0 0 0 0
#23508 0 0 0 0 0
#23509 0 0 0 0 0
#23510 0 0 0 0 0
#23511 0 0 0 0 0
#23512 0 0 0 0 0
#23513 0 0 0 0 0
#23514 0 0 0 0 0
#23515 0 0 0 0 0
#23600 0 0 0 0 0
#23601 0 0 0 0 0
#23602 0 0 0 0 0
#23603 0 0 0 0 0
#23604 0 0 0 0 0
#23605 0 0 0 0 0
#23606 0 0 0 0 0
#23607 0 0 0 0 0
#23608 0 0 0 0 0
#23609 0 0 0 0 0
#23610 0 0 0 0 0
#23611 0 0 0 0 0
#23612 0 0 0 0 0
#23613 0 0 0 0 0
#23614 0 0 0 0 0
#23615 0 0 0 0 0
#23700 0 0 0 0 0
#23701 0 0 0 0 0
#23702 0 0 0 0 0
#23703 0 0 0 0 0
#23704 0 0 0 0 0
#23705 0 0 0 0 0
#23706 0 0 0 0 0
#23707 0 0 0 0 0
#23708 0 0 0 0 0
#23709 0 0 0 0 0
#23710 0 0 0 0 0
#23711 0 0 0 0 0
#23712 0 0 0 0 0
#23713 0 0 0 0 0
#23714 0 0 0 0 0
#23715 0 0 0 0 0
#23800 0 0 0 0 0
#23801 0 0 0 0 0
#23802 0 0 0 0 0
#23803 0 0 0 0 0
#23804 0 0 0 0 0
#23805 0 0 0 0 0
#23806 0 0 0 0 0
#23807 0 0 0 0 0
#23808 0 0 0 0 0
#23809 0 0 0 0 0
#23810 0 0 0 0 0
#23811 0 0 0 0 0
#23812 0 0 0 0 0
#23813 0 0 0 0 0
#23814 0 0 0 0 0
#23815 0 0 0 0 0
#23900 0 0 0 0 0
#23901 0 0 0 0 0
#23902 0 0 0 0 0
#23903 0 0 0 0 0
#23904 0 0 0 0 0
#23905 0 0 0 0 0
#23906 0 0 0 0 0
#23907 0 0 0 0 0
#23908 0 0 0 0 0
#23909 0 0 0 0 0
#23910 0 0 0 0 0
#23911 0 0 0 0 0
#23912 0 0 0 0 0
#23913 0 0 0 0 0
#23914 0 0 0 0 0
#23915 0 0 0 0 0